# Bundle file v0.3
96 9302
1.5842338518e+03 -6.0005955911e-04 -1.6090761869e-02
7.7461120936e-01 5.0576857426e-01 -3.7970465314e-01
-4.2706190952e-01 8.6113131886e-01 2.7580967555e-01
4.6647143510e-01 -5.1487872106e-02 8.8303646542e-01
-1.7745442857e+00 9.1829889786e-01 2.2128298955e-01
1.5855806904e+03 2.5962910643e-02 -6.5058014960e-02
9.9320699206e-01 9.4556035139e-02 -6.7816127429e-02
-7.6622441093e-02 9.7007562216e-01 2.3039593924e-01
8.7572098534e-02 -2.2363462056e-01 9.7073100499e-01
-4.4586316070e-01 1.0768229499e+00 7.9079233717e-01
0 0 0
0 0 0
0 0 0
0 0 0
0 0 0
1.5977832193e+03 -4.0271545623e-02 3.4954834562e-02
7.3098006200e-01 4.9367703567e-01 -4.7111689993e-01
-3.6807406119e-01 8.6658273901e-01 3.3698047707e-01
5.7462129654e-01 -7.2920099370e-02 8.1516441573e-01
-1.6819939807e+00 1.6270409942e+00 -7.7424950197e-01
1.5836457664e+03 -8.3055478419e-04 -1.7722736656e-02
4.7205097080e-01 5.7021902171e-01 -6.7232294937e-01
-4.3233007536e-01 8.1437430856e-01 3.8715008910e-01
7.6828288208e-01 1.0791085596e-01 6.3094901558e-01
-2.8894953931e+00 1.6847551078e+00 -4.3454964019e-01
1.6112013425e+03 -5.9646950326e-02 7.3657580776e-02
5.4386442786e-01 6.1555653135e-01 -5.7035220770e-01
-5.8668361576e-01 7.6486600329e-01 2.6604949164e-01
6.0001151581e-01 1.8992144092e-01 7.7712034279e-01
-3.2726397778e+00 2.4251405568e+00 3.8462005910e-01
0 0 0
0 0 0
0 0 0
0 0 0
0 0 0
0 0 0
0 0 0
0 0 0
0 0 0
0 0 0
0 0 0
0 0 0
0 0 0
0 0 0
0 0 0
0 0 0
0 0 0
0 0 0
0 0 0
0 0 0
0 0 0
0 0 0
0 0 0
0 0 0
0 0 0
0 0 0
0 0 0
0 0 0
0 0 0
0 0 0
1.6138187928e+03 -2.1949070846e-02 2.3854853454e-02
3.2414532125e-01 7.6588810588e-01 -5.5528841154e-01
-5.7313009840e-01 6.2598358258e-01 5.2883498811e-01
7.5262985658e-01 1.4683311484e-01 6.4186317496e-01
-2.6493036892e+00 2.4747060513e+00 -8.7261895031e-01
1.6130887769e+03 -2.2270262652e-02 2.6202823975e-02
3.0808134870e-01 7.8053924566e-01 -5.4391577341e-01
-6.9579696642e-01 5.7476886059e-01 4.3070562850e-01
6.4880849571e-01 2.4576257420e-01 7.2017240506e-01
-2.6315862587e+00 3.0107333931e+00 -2.6138875159e-01
1.6035508151e+03 -3.5796311410e-02 3.6723912793e-02
7.3190957745e-01 5.2099284202e-01 -4.3917516893e-01
-3.4789554108e-01 8.3989759346e-01 4.1658219477e-01
5.8589850908e-01 -1.5211341512e-01 7.9598017940e-01
-1.9071174260e+00 1.4787469091e+00 -2.4690412317e+00
1.6010902092e+03 -3.0055717538e-02 2.1047748751e-02
9.9718243041e-01 1.7216988282e-02 -7.3012162015e-02
6.2372099665e-03 9.5090529663e-01 3.0941915592e-01
7.4754917560e-02 -3.0900273810e-01 9.4811866881e-01
-6.3496192528e-01 8.7711970242e-01 -1.4762901466e+00
1.5978964705e+03 -4.7130915921e-03 -8.0679136798e-03
-5.0392780299e-02 8.0730983625e-01 -5.8797227484e-01
-7.5713396086e-01 3.5304840961e-01 5.4964077887e-01
6.5131308371e-01 4.7287170434e-01 5.9345060302e-01
-2.0959458639e+00 2.6283373387e+00 -3.0583689641e+00
1.6317137547e+03 -2.7019209358e-02 -2.2081574806e-03
6.9144794347e-01 5.2873972611e-01 -4.9227435796e-01
-6.9806752845e-01 6.6445895847e-01 -2.6682582003e-01
1.8601469617e-01 5.2813690890e-01 8.2853481415e-01
-2.1911341759e+00 -7.1279029856e-01 -1.4758780454e+00
1.6014302622e+03 -2.3939355386e-02 -2.7724625021e-03
9.9983833812e-01 3.5947984070e-03 -1.7617464351e-02
-4.2115143761e-03 9.9937511368e-01 -3.5094804556e-02
1.7480296691e-02 3.5163327268e-02 9.9922869236e-01
-6.0673693330e-02 -1.5005624832e-01 -2.2187394718e-01
0 0 0
0 0 0
0 0 0
0 0 0
0 0 0
0 0 0
0 0 0
0 0 0
0 0 0
0 0 0
0 0 0
0 0 0
0 0 0
0 0 0
0 0 0
0 0 0
0 0 0
0 0 0
0 0 0
0 0 0
0 0 0
0 0 0
0 0 0
0 0 0
0 0 0
0 0 0
0 0 0
0 0 0
0 0 0
0 0 0
0 0 0
0 0 0
0 0 0
0 0 0
0 0 0
0 0 0
0 0 0
0 0 0
0 0 0
0 0 0
0 0 0
0 0 0
0 0 0
0 0 0
0 0 0
0 0 0
0 0 0
0 0 0
0 0 0
0 0 0
0 0 0
0 0 0
0 0 0
0 0 0
0 0 0
0 0 0
0 0 0
0 0 0
0 0 0
0 0 0
0 0 0
0 0 0
0 0 0
0 0 0
0 0 0
1.5869858380e+03 -9.7512721134e-03 -1.7019952909e-02
9.5393196430e-01 2.5979300117e-01 -1.5007132981e-01
-2.2681988692e-01 9.5188910556e-01 2.0605792781e-01
1.9638367138e-01 -1.6252608177e-01 9.6696366341e-01
5.1619785913e-01 1.1293246806e+00 8.6468234635e-01
1.5973002463e+03 -3.7179702315e-02 4.2141157525e-02
9.4952678978e-01 2.7856314803e-01 -1.4422707116e-01
-2.5888479232e-01 9.5553743150e-01 1.4116260589e-01
1.7713706501e-01 -9.6699480642e-02 9.7942415257e-01
-6.6948593823e-02 6.2937823103e-01 -9.8240101768e-01
1.5956961834e+03 -1.2987113136e-02 -1.0236296046e-02
8.3268300513e-01 4.9866543465e-01 -2.4077333168e-01
-4.2328216110e-01 8.5352193603e-01 3.0386266111e-01
3.5703112618e-01 -1.5110621763e-01 9.2178939348e-01
-7.2317368033e-01 1.4161910896e+00 -2.0973704477e-01
1.5936428594e+03 -1.8404822458e-02 3.4654265136e-03
7.3020580390e-01 5.5484483836e-01 -3.9868118754e-01
-5.2306579004e-01 8.2939198609e-01 1.9624248444e-01
4.3954711150e-01 6.5239089224e-02 8.9584719568e-01
-1.3745000850e+00 3.3792271258e-01 -3.5029562242e-01
1.6041142281e+03 -4.4281450199e-02 2.9237507167e-02
4.4634106897e-01 7.0674475016e-01 -5.4890027169e-01
-6.6482981424e-01 6.7247228652e-01 3.2524197447e-01
5.9898327877e-01 2.1975641510e-01 7.7001698019e-01
-1.8991444844e+00 1.6617578667e+00 -5.4246499020e-01
1.5987138986e+03 -2.2883828918e-02 4.6349147950e-04
6.7603050456e-01 5.9671810482e-01 -4.3233119282e-01
-5.5650866196e-01 7.9801377665e-01 2.3124039753e-01
4.8299157972e-01 8.4270491024e-02 8.7156045015e-01
-2.7354195112e+00 1.6800276217e+00 -1.0635199843e-01
1.6003456802e+03 -2.1584225380e-02 -2.7214433654e-03
6.7569325923e-01 5.9721923890e-01 -4.3216640327e-01
-5.5721358176e-01 7.9759090009e-01 2.3100168916e-01
4.8265064355e-01 8.4722705249e-02 8.7170546602e-01
-2.7318991154e+00 1.6870013977e+00 -1.0609042291e-01
1.5941329878e+03 -2.5484454058e-02 6.4788555762e-03
4.7795872843e-01 6.8578947280e-01 -5.4886086845e-01
-6.4869182020e-01 6.9688809755e-01 3.0585274547e-01
5.9224519950e-01 2.0985656648e-01 7.7794977034e-01
-1.5973526676e+00 1.9564126498e+00 -5.9363083390e-01
1.5970310234e+03 -1.3039030792e-02 -4.7488696407e-03
6.2500015986e-01 6.0995754130e-01 -4.8716177804e-01
-5.1397668907e-01 7.9124842718e-01 3.3129124584e-01
5.8753958442e-01 4.3332716109e-02 8.0803435103e-01
-2.6608054963e+00 5.3749191340e-01 -6.9141629641e-01
1.5940569414e+03 -2.1774507489e-02 1.2911557468e-02
7.2362275149e-01 5.3942956424e-01 -4.3056458140e-01
-5.6552348109e-01 8.2101943367e-01 7.8168291988e-02
3.9566817646e-01 1.8693002638e-01 8.9916842659e-01
-1.3744699757e+00 -3.1503484707e-01 -2.4394258281e-01
0 0 0
0 0 0
0 0 0
0 0 0
0 0 0
1.6090471197e+03 -5.6279068491e-03 -2.8902345141e-02
9.8043464167e-01 6.7209694188e-02 1.8501559505e-01
-8.5919963994e-02 9.9175903025e-01 9.5035707536e-02
-1.7710356629e-01 -1.0907283313e-01 9.7812956395e-01
1.1931274987e+00 -2.2989895794e-01 6.1184915582e-01
1.5975065066e+03 4.8778100866e-03 3.1913668401e-02
6.2636429883e-01 -5.9276570885e-01 5.0625742421e-01
5.5590765816e-01 7.9493807306e-01 2.4298175980e-01
-5.4647455636e-01 1.2923727951e-01 8.2744382579e-01
2.1331973367e+00 6.0319120047e-01 2.0190440854e-01
0 0 0
0 0 0
0 0 0
0 0 0
0 0 0
0 0 0
0 0 0
0 0 0
0 0 0
0 0 0
0 0 0
0 0 0
0 0 0
0 0 0
0 0 0
0 0 0
0 0 0
0 0 0
0 0 0
0 0 0
0 0 0
0 0 0
0 0 0
0 0 0
0 0 0
0 0 0
0 0 0
0 0 0
0 0 0
0 0 0
0 0 0
0 0 0
0 0 0
0 0 0
0 0 0
0 0 0
0 0 0
0 0 0
0 0 0
0 0 0
0 0 0
0 0 0
0 0 0
0 0 0
0 0 0
0 0 0
0 0 0
0 0 0
0 0 0
0 0 0
0 0 0
0 0 0
0 0 0
0 0 0
0 0 0
0 0 0
0 0 0
0 0 0
0 0 0
0 0 0
0 0 0
0 0 0
0 0 0
0 0 0
0 0 0
0 0 0
0 0 0
0 0 0
0 0 0
0 0 0
0 0 0
0 0 0
0 0 0
0 0 0
0 0 0
0 0 0
0 0 0
0 0 0
0 0 0
0 0 0
0 0 0
0 0 0
0 0 0
0 0 0
0 0 0
0 0 0
0 0 0
0 0 0
0 0 0
0 0 0
0 0 0
0 0 0
0 0 0
0 0 0
0 0 0
0 0 0
0 0 0
0 0 0
0 0 0
0 0 0
0 0 0
0 0 0
0 0 0
0 0 0
0 0 0
0 0 0
0 0 0
0 0 0
0 0 0
0 0 0
0 0 0
0 0 0
0 0 0
0 0 0
0 0 0
0 0 0
0 0 0
0 0 0
0 0 0
0 0 0
0 0 0
0 0 0
0 0 0
0 0 0
0 0 0
0 0 0
0 0 0
0 0 0
0 0 0
0 0 0
0 0 0
0 0 0
0 0 0
0 0 0
0 0 0
0 0 0
0 0 0
0 0 0
0 0 0
0 0 0
0 0 0
0 0 0
0 0 0
0 0 0
0 0 0
0 0 0
0 0 0
0 0 0
0 0 0
0 0 0
0 0 0
0 0 0
0 0 0
0 0 0
0 0 0
0 0 0
0 0 0
0 0 0
0 0 0
0 0 0
0 0 0
0 0 0
0 0 0
0 0 0
0 0 0
0 0 0
0 0 0
0 0 0
0 0 0
0 0 0
1.6188774184e+03 -1.8726227294e-02 6.1826980527e-03
3.7224728770e-01 7.5673309762e-01 -5.3738903577e-01
-5.2459628158e-01 6.4918672429e-01 5.5077703143e-01
7.6565703690e-01 7.6887033848e-02 6.3863736649e-01
-2.6490004806e+00 1.8242146525e+00 -3.5730586282e+00
1.6042786013e+03 -2.9870783698e-02 2.1214486654e-02
7.8023688966e-01 4.6068022475e-01 -4.2308879274e-01
-3.2411620376e-01 8.7629842546e-01 3.5644039613e-01
5.3495708470e-01 -1.4097801267e-01 8.3303428349e-01
-1.7688725283e+00 7.7072216551e-01 -2.7712124328e+00
1.6055667586e+03 -3.1197767982e-02 1.8934500693e-02
7.8661685608e-01 4.4975039289e-01 -4.2303487542e-01
-3.1558915875e-01 8.8174762608e-01 3.5060605639e-01
5.3069520876e-01 -1.4228741334e-01 8.3553389363e-01
-1.8202559935e+00 7.6244760049e-01 -2.7441198549e+00
1.6059158930e+03 -3.9022396934e-02 2.9695420614e-02
8.0178512143e-01 4.4832304315e-01 -3.9515448630e-01
-2.9929358120e-01 8.7355961302e-01 3.8381890880e-01
5.1726586134e-01 -1.8947308907e-01 8.3458730952e-01
-1.7947590946e+00 1.6007913210e+00 -1.8826708397e+00
1.5941163388e+03 -5.9304594165e-03 -4.5052240834e-03
4.1617636464e-01 6.5962737237e-01 -6.2585059170e-01
-5.7265495849e-01 7.2477984565e-01 3.8309329653e-01
7.0630271982e-01 1.9896206914e-01 6.7937512688e-01
-2.8099322412e+00 2.4316937572e+00 -1.7457593438e+00
1.6023809369e+03 -4.3429723144e-02 2.9264591351e-02
9.9722011669e-01 5.4239263007e-02 5.1089541135e-02
-6.0817401572e-02 9.8863032002e-01 1.3751848601e-01
-4.3049768071e-02 -1.4024333380e-01 9.8918073414e-01
1.6747276664e-01 7.1195505455e-01 -8.0644093729e-01
1.5997735298e+03 -4.3155027435e-02 6.3847927721e-02
9.8507611106e-01 1.5768276911e-01 -6.9001447479e-02
-1.6808017184e-01 9.6761435992e-01 -1.8833880722e-01
3.7069006784e-02 1.9712583492e-01 9.7967713760e-01
-7.6902786402e-01 -5.4732061066e-01 -4.6193794454e+00
1.5985476257e+03 -2.8953819869e-02 2.8889719429e-02
4.0602716225e-01 7.5047383650e-01 -5.2147000321e-01
-7.5116473941e-01 5.9906128744e-01 2.7726721435e-01
5.2047428157e-01 2.7913185884e-01 8.0696463838e-01
-2.0165150249e+00 8.1092545102e-01 -5.7815462700e+00
1.6115527142e+03 -2.6130986428e-02 2.5099516139e-02
4.1423979107e-01 7.4949940552e-01 -5.1638748690e-01
-7.4933291248e-01 6.0287876960e-01 2.7392950816e-01
5.1662905626e-01 2.7347363730e-01 8.1136094800e-01
-2.0517793582e+00 8.4829469562e-01 -5.8720539461e+00
1.6068297910e+03 -3.6332874539e-02 4.7216570330e-02
4.1530903507e-01 7.4815351079e-01 -5.1747920701e-01
-7.5012078013e-01 6.0346767720e-01 2.7045439133e-01
5.1462337743e-01 2.7584975417e-01 8.1183107389e-01
-2.0355838532e+00 8.7062100279e-01 -5.8486921127e+00
1.5998191088e+03 -3.2517330445e-02 4.3917488012e-02
-3.3081881081e-01 7.7686384061e-01 -5.3576252908e-01
-7.9980432753e-01 7.0514557407e-02 5.9610463416e-01
5.0087119311e-01 6.2570781548e-01 5.9801151959e-01
-1.7736171470e+00 2.1753422750e+00 -5.7423185138e+00
1.5538390002e+03 -1.7938293973e-02 2.4761846863e-02
-9.3022608257e-01 3.3103798625e-01 -1.5840860760e-01
-2.8871514667e-01 -3.9367692834e-01 8.7273251353e-01
2.2654579976e-01 8.5757351157e-01 4.6178422760e-01
-4.5605203112e-02 2.9745625253e+00 -5.7759814979e+00
1.5613082158e+03 -1.8847073897e-02 2.6350457534e-02
-9.2626348969e-01 3.4167107923e-01 -1.5904974465e-01
-2.9368597458e-01 -3.8989734465e-01 8.7277065084e-01
2.3618741709e-01 8.5512626801e-01 4.6149167897e-01
-9.1813316940e-02 2.9978042973e+00 -5.8453064783e+00
1.5793488216e+03 -1.2879549805e-02 4.4861778477e-02
7.1106688792e-01 -5.4777222779e-01 4.4082816081e-01
6.0605972184e-01 7.9534707472e-01 1.0707207705e-02
-3.5647649917e-01 2.5955465166e-01 8.9752765324e-01
9.0966555493e-01 8.1958112931e-01 -2.3893132005e+00
1.5813721478e+03 -1.9333550197e-02 6.1758646848e-02
7.2610890686e-01 -5.3004283066e-01 4.3797311909e-01
5.8541721698e-01 8.1066386047e-01 1.0525558852e-02
-3.6062797651e-01 2.4875430245e-01 8.9892644836e-01
1.0267567614e+00 7.3994425584e-01 -2.3779822113e+00
0 0 0
0 0 0
0 0 0
0 0 0
0 0 0
0 0 0
0 0 0
0 0 0
0 0 0
0 0 0
-4.7450737269e-01 -7.5788794290e-01 -2.4536060388e+00
83 99 57
6 18 382 -291.5200 -481.5800 33 446 -175.1500 -148.6000 84 436 -242.3900 -177.4200 15 565 -417.2000 -268.1000 34 487 -571.5500 140.4500 1 165 -893.3400 -204.1100
-8.3013831927e-01 -3.5815008637e-01 -2.5999621212e+00
125 132 106
7 18 579 -473.6500 -230.5200 33 609 -253.7900 58.9000 84 642 -394.0900 24.2300 15 803 -524.5200 -112.5000 32 219 18.8500 399.3201 34 749 -541.0500 375.8900 1 362 -1035.1899 177.2500
-2.4883272403e-01 -8.0866327590e-01 -2.3918132583e+00
142 165 146
5 18 1442 -163.2200 -526.6600 33 1674 -88.6200 -202.1600 84 1824 -129.5300 -211.2200 15 1418 -327.9900 -288.0699 1 476 -704.0100 -277.6899
-4.5225419714e-01 -7.2593944110e-01 -2.4659459730e+00
94 103 74
6 18 1462 -276.9900 -461.7700 33 1703 -160.3200 -138.9800 84 1243 -229.6600 -163.3800 15 1430 -404.5900 -255.3500 32 274 283.1400 34.1700 1 491 -855.1500 -171.4300
-4.8178811698e-01 -6.3028360925e-01 -2.4958182181e+00
145 163 150
8 18 1086 -291.4200 -401.5400 33 1716 -156.9000 -93.4900 84 1255 -239.9600 -114.4800 15 1448 -409.0900 -216.2200 32 416 275.5900 128.8300 34 1542 -515.6700 199.3200 1 506 -844.5300 -75.7000 41 1236 -561.3000 -428.0000
-7.8531685018e-01 -2.2815260449e-01 -2.6109292518e+00
149 159 122
7 18 1121 -448.9800 -158.0500 33 1791 -217.2400 107.2800 84 1311 -366.4900 83.4600 15 1525 -499.3000 -62.6300 32 458 89.2300 493.1400 34 1645 -478.6000 423.4500 1 578 -964.0000 282.0801
-1.5561406845e-01 -8.0321593199e-01 -2.3926758374e+00
75 93 54
5 18 2008 -106.9600 -524.1200 33 4246 -45.2700 -213.0300 84 4705 -80.5400 -211.3200 15 3275 -286.5700 -286.0601 1 701 -598.4800 -280.8300
-5.0545908035e-01 -6.4061978109e-01 -2.4927174676e+00
141 158 148
3 18 1482 -305.3700 -407.4600 33 2677 -168.9300 -95.0600 1 1046 -871.7500 -83.1800
-1.7941774484e-01 -5.5496636947e-01 -2.1525428883e+00
96 141 86
7 18 4377 -136.4800 -419.3101 33 9555 -42.1300 -83.2500 84 7268 -85.5500 -69.0600 15 7782 -316.9800 -151.5900 34 3883 -462.5900 266.3500 1 1069 -708.4000 76.0900 35 4311 -633.8600 -298.9200
-2.6042172002e-01 -1.3858977065e+00 -3.2165169528e+00
169 196 187
8 18 1954 -123.1400 -649.9100 33 2447 -92.8700 -425.9500 84 2687 -139.8100 -457.8400 15 1998 -264.8400 -556.6899 32 571 298.0500 -606.6200 34 2186 -445.8000 -329.8000 85 2737 -202.4000 -246.0100 14 2772 -452.3600 -300.4399
5.0530100605e-01 -1.5637305942e+00 -3.1480279657e+00
177 218 216
9 18 1883 230.6801 -748.2500 33 2217 178.4600 -598.3900 84 2555 181.8300 -555.9100 15 2867 28.9900 -640.0800 34 1927 -192.0900 -643.3000 14 3661 -348.9700 -475.1400 82 1822 -340.4500 -454.1801 93 2862 231.2500 -72.0000 92 2257 201.5100 -40.7700
-9.7033904630e-01 -1.5558727280e+00 -3.0800026747e+00
139 165 152
7 18 2611 -462.4500 -750.3600 33 3971 -386.5400 -411.8600 84 2601 -461.3100 -527.3900 15 2908 -560.8100 -622.2800 32 1029 -271.3800 -591.9000 34 3571 -787.1700 -219.5200 14 6089 -630.3800 -235.0699
-5.2236325183e-01 -1.2213446773e+00 -3.2718121918e+00
172 204 202
6 18 4188 -238.6500 -564.6100 33 4109 -165.9800 -331.4600 84 4472 -243.3800 -379.0900 32 2069 138.1400 -424.3300 34 3596 -483.5300 -196.5300 14 6126 -457.2400 -223.8000
-9.4210075879e-01 -7.4276257283e-01 -2.5136516341e+00
127 103 116
6 18 172 -552.1600 -459.1200 33 324 -363.0700 -86.5800 84 228 -477.2800 -157.8000 15 300 -605.2500 -264.2500 32 74 -191.9700 114.9600 85 643 -360.9200 -138.9900
-8.0608282819e-01 -3.8541857209e-01 -2.6089103626e+00
132 139 88
3 18 181 -458.9500 -245.9800 33 239 -247.4600 44.2900 15 315 -515.2200 -123.6100
-4.2986625278e-01 -7.5028894136e-01 -2.4463714881e+00
159 181 174
5 18 252 -266.5800 -480.4800 33 445 -155.9000 -151.6700 84 315 -220.3500 -175.5700 15 412 -398.1700 -264.4800 85 845 -254.6200 -164.8300
-3.3844353893e-01 -7.7863835362e-01 -2.4253932778e+00
99 113 78
7 18 380 -214.2700 -501.1899 33 440 -121.6200 -175.9500 84 433 -174.5700 -193.5100 15 564 -362.7500 -275.7800 85 842 -236.3000 -175.6400 93 431 45.3101 -40.0000 92 399 9.1600 -10.4600
-3.8645946737e+00 2.2587809737e+00 -6.1557309099e+00
202 155 135
4 18 504 -946.1300 581.2800 33 737 -445.2400 586.1700 84 536 -870.9200 524.2000 15 659 -767.1600 209.7700
-1.0192325283e+00 -8.9350895344e-01 -2.4204839501e+00
140 127 118
12 18 546 -614.5700 -564.0699 33 823 -432.0100 -139.9700 84 605 -536.9300 -233.0300 15 757 -664.7400 -323.9700 32 138 -336.3600 11.5600 85 1098 -386.5000 -173.5200 35 974 -864.3300 -180.8000 41 925 -822.8200 -350.9000 87 2202 -353.9900 76.5100 88 1610 -350.7100 82.5200 86 1780 -344.4400 69.2100 17 1242 -851.3600 21.6700
-1.0828959612e+00 -8.9191509491e-01 -2.4146005421e+00
141 131 129
5 18 765 -654.4800 -563.8700 33 825 -459.1900 -130.5400 84 606 -571.6200 -229.9399 15 758 -693.2900 -322.8700 32 199 -397.2600 29.0300
-1.0071028204e+00 -7.3980211179e-01 -2.5240159279e+00
131 105 122
6 18 561 -586.6200 -454.9700 33 595 -387.1300 -77.8200 84 438 -507.7500 -154.3500 15 774 -630.4900 -263.6899 32 154 -247.1800 128.1500 85 1107 -373.3700 -135.0800
-3.6704588443e-01 -6.7238393747e-01 -2.4928814963e+00
90 103 85
5 18 566 -224.9500 -426.8199 33 586 -113.4300 -126.2200 84 614 -183.1100 -138.3600 15 777 -362.9000 -233.9100 85 1105 -236.4400 -147.6800
-8.1885443538e-01 -4.9858345236e-01 -2.5685730935e+00
141 161 159
5 18 573 -475.3200 -313.2000 33 602 -272.7400 0.4300 84 448 -397.9800 -41.9800 15 792 -531.5400 -166.7100 32 161 -6.9301 290.6699
1.2025044597e-01 2.2430066065e-01 -2.5153324818e+00
117 66 65
6 18 844 61.4301 94.8900 33 888 219.1000 211.7500 84 969 81.9100 278.3500 15 861 -133.8300 127.2100 34 784 59.7700 501.9000 35 1024 -99.8200 -20.4300
1.2025322395e-01 2.2427961933e-01 -2.5166744213e+00
117 66 65
5 18 845 61.4301 94.8900 33 889 219.1000 211.7500 15 862 -133.8300 127.2100 35 1025 -99.8200 -20.4300 41 954 -54.5500 -260.7700
1.8460672215e-01 2.9575113927e-01 -2.5239144913e+00
144 122 102
5 18 609 99.3199 136.8800 33 633 256.8500 234.9000 84 677 113.4600 308.0800 15 873 -106.0000 153.4900 41 704 3.5000 -249.8700
-3.5276024959e+00 1.9162439212e+00 -5.8618108417e+00
206 159 139
12 18 673 -907.6300 519.0400 33 721 -429.3200 538.1600 84 723 -837.6200 475.6700 15 881 -745.4400 173.9600 85 576 -555.7400 473.4500 35 1190 -123.2800 592.6100 41 855 -89.3800 677.5900 87 853 128.7800 408.8600 88 839 130.9100 415.1000 86 822 141.1801 402.3000 16 603 616.6000 552.0800 89 572 651.3600 263.9900
-1.0950332676e+00 -9.4100534708e-01 -2.3887827469e+00
131 107 120
5 18 757 -667.1900 -598.3400 33 1146 -475.9300 -150.4400 84 851 -585.0800 -256.0900 15 1026 -707.7800 -343.4399 32 268 -435.0500 -11.0300
-1.0161697326e+00 -3.6568058706e-01 -2.6452268164e+00
119 140 137
4 18 1104 -569.2900 -230.3900 33 1198 -322.7900 72.5500 84 907 -479.3600 23.2200 15 1107 -590.0500 -119.4700
-5.8096526266e-01 -1.5973027301e+00 -3.0289747452e+00
141 166 163
5 18 1340 -284.8400 -785.5601 33 1602 -255.6300 -479.2600 84 1175 -292.0600 -558.8300 15 1345 -416.7800 -645.8400 32 354 0.5699 -729.2700
-8.9259720834e-01 -1.4465533774e+00 -3.1194297283e+00
187 207 205
6 18 1375 -421.8300 -692.5400 33 1637 -340.6700 -377.6801 84 1744 -419.1000 -477.0000 15 1361 -519.3100 -576.6000 32 369 -184.0300 -521.1400 85 2027 -331.3700 -241.5000
1.9685338191e-01 -1.3949363966e+00 -3.2627125229e+00
186 217 224
6 18 1392 85.3500 -647.0500 33 1600 79.6899 -482.6500 84 1750 50.5699 -467.9000 15 1363 -86.2800 -563.6500 32 355 647.3300 -713.1300 85 2021 -112.2100 -260.3000
-1.0284834859e+00 -7.2781049804e-01 -2.5291314036e+00
187 163 193
5 18 1082 -596.6300 -446.9301 33 1177 -393.0800 -69.8700 84 1244 -517.4800 -148.0400 15 1429 -637.9100 -259.1899 32 282 -261.5900 142.0300
-8.0352630957e-01 -5.7962849300e-01 -2.5549890826e+00
113 131 114
4 18 2082 -466.1700 -361.3300 33 1738 -277.9700 -34.7100 84 1267 -395.2900 -81.3100 15 1456 -532.5600 -198.1200
-9.2850792033e-01 -3.4761357463e-01 -2.6218853136e+00
192 204 210
6 18 1107 -524.7400 -222.9000 33 1197 -289.0100 72.1100 84 1295 -439.9800 29.9300 15 1500 -559.1600 -110.4200 32 749 -58.6100 414.4800 85 1406 -341.3900 -50.7600
-9.6988978589e-01 -2.5607414121e-01 -2.6532299168e+00
160 174 140
5 18 1119 -541.8800 -169.2000 33 1795 -289.4500 111.2200 84 1307 -451.9900 71.8000 15 1518 -565.6400 -78.1200 32 456 -66.5300 479.6799
-6.6983623335e-01 -2.5034618255e-01 -2.5902499350e+00
141 160 132
5 18 1117 -387.2300 -172.9000 33 1781 -175.1800 87.4000 84 1305 -312.5700 71.5900 15 1522 -457.5600 -69.2400 32 454 183.4600 467.0100
-7.2488613438e-01 -1.8074873092e-01 -2.6020831699e+00
161 169 144
5 18 1128 -416.5600 -132.5600 33 1801 -187.8500 121.0500 84 1319 -336.0200 104.7000 15 1537 -473.9700 -42.9300 32 465 150.7100 526.6000
-8.4481666178e-02 1.2082128815e+00 -2.3575154300e+00
118 118 90
3 18 1004 -62.4500 716.0500 33 1412 245.8500 684.3500 15 1796 -205.2000 504.7700
-6.3425913813e-01 -1.6143652227e+00 -3.0253235682e+00
186 211 215
5 18 2536 -310.4300 -793.7600 33 2399 -278.7700 -479.6300 84 2544 -317.2700 -566.8101 15 1933 -439.3800 -652.8101 32 520 -44.6899 -730.0400
-4.5496810095e-01 -1.5940846623e+00 -3.0078104632e+00
181 207 207
6 18 1858 -225.9600 -790.8101 33 2375 -210.1500 -495.4700 84 2548 -235.5900 -561.8300 15 1942 -368.4300 -646.1400 32 347 99.2900 -764.1500 85 2650 -254.2600 -292.5601
-2.3684680929e-01 -1.5395845681e+00 -2.9981583227e+00
162 203 205
5 18 1345 -121.3900 -769.1100 33 1586 -120.1800 -502.4700 84 1708 -137.6900 -543.4800 15 1953 -279.8300 -626.0300 34 1380 -544.2100 -398.6899
3.9467097681e-01 -1.5310709960e+00 -3.1713515474e+00
177 219 218
6 18 1910 178.1899 -727.9200 33 2262 138.5500 -567.9800 84 1711 134.3500 -536.7900 15 1954 -14.2400 -624.0699 34 1985 -227.6000 -589.2000 85 1994 -79.2500 -298.5800
-5.0587470863e-02 -1.5143617548e+00 -3.1588491629e+00
177 215 215
6 18 2666 -28.2500 -720.8300 33 3739 -33.0100 -505.3700 84 2610 -54.3500 -522.2900 15 1959 -190.9900 -613.1200 32 498 443.3800 -769.0699 93 2811 116.2600 -155.9000
-2.6044716158e-01 -1.3859622990e+00 -3.2159089242e+00
169 196 187
6 18 1955 -123.1400 -649.9100 33 2448 -92.8700 -425.9500 84 2688 -139.8100 -457.8400 15 1999 -264.8400 -556.6899 32 572 298.0500 -606.6200 85 2738 -202.4000 -246.0100
-1.2485252316e+00 -1.3978696695e+00 -3.1572196030e+00
180 201 192
3 18 1385 -580.4800 -659.6000 33 2556 -453.6800 -317.3800 15 2002 -643.8700 -552.7800
-7.6027608794e-01 -9.7509213869e-01 -2.2835720579e+00
115 91 103
6 18 1957 -489.6500 -649.3900 33 4249 -357.1000 -209.2000 84 2832 -419.2500 -287.1500 15 2078 -583.2700 -356.2800 32 663 -142.0800 -115.9800 34 2419 -841.4200 138.8100
-1.1141056526e+00 -9.6304290284e-01 -2.3723569013e+00
142 127 140
5 18 1972 -682.5800 -615.1600 33 2641 -490.6700 -157.3400 84 1805 -599.5800 -268.0900 15 2080 -720.3600 -352.2100 32 397 -467.5600 -25.2200
-8.5974605900e-01 -7.3086410554e-01 -2.4955136442e+00
163 139 167
5 18 1464 -508.8500 -456.1600 33 1717 -330.5400 -91.3400 84 1842 -436.5500 -153.8900 15 2126 -572.6800 -257.5300 32 706 -118.3000 113.8000
-2.3119537030e-01 -4.6588907539e-03 -2.0817550682e+00
126 131 105
4 18 1132 -177.5400 -56.1200 33 1228 6.7400 203.9300 84 1350 -95.2000 243.4900 15 2317 -328.7600 105.2700
-2.3094102191e-01 -4.5343995245e-03 -2.0804589997e+00
126 131 105
3 18 1133 -177.5400 -56.1200 33 1229 6.7400 203.9300 15 2318 -328.7600 105.2700
-7.3250409571e-01 1.0354934641e+00 -2.8108951894e+00
159 178 186
5 18 1264 -392.0800 523.4100 33 1954 -27.0400 566.9399 84 1494 -280.7200 599.7300 15 2447 -403.4000 348.2500 41 2014 -75.5200 404.7000
-8.2077938380e-01 9.8460496526e-01 -2.5059186226e+00
226 224 246
4 18 1273 -491.1500 543.9299 33 1976 -90.2300 617.8700 84 1101 -341.6000 653.7500 15 2485 -472.7600 390.0701
-7.2531671583e-01 -1.5988782813e+00 -3.0393707465e+00
175 204 206
5 18 1866 -352.4900 -782.7200 33 3858 -308.2300 -461.0200 15 2859 -472.6400 -644.4600 32 552 -109.5000 -691.3101 34 3458 -730.8300 -296.6300
-7.6298437709e-01 -1.5708754259e+00 -3.0583504069e+00
129 156 151
4 18 2581 -367.8200 -764.5100 33 3894 -316.3000 -443.9200 15 2893 -483.9200 -631.5400 32 957 -128.4300 -656.2600
-1.1350237331e+00 -1.5646788095e+00 -2.9778649442e+00
133 166 159
3 18 1868 -556.8600 -777.9600 33 2480 -463.6500 -399.8199 15 2900 -642.3000 -626.8500
-9.0972867491e-01 -1.5247547431e+00 -3.0975377335e+00
184 210 207
5 18 2648 -432.3800 -732.9500 33 3987 -358.5900 -406.1600 84 2622 -431.5800 -513.4000 15 2927 -532.7300 -609.4200 32 1040 -217.4100 -579.5800
-6.4487260927e-02 -1.4864662970e+00 -3.1791783849e+00
146 175 173
6 18 2693 -34.4900 -703.8900 33 3776 -33.5500 -491.2300 84 4157 -59.5100 -508.0900 15 2944 -193.9300 -600.5200 32 513 434.9900 -738.7600 34 3232 -407.9600 -428.6700
-1.4192172938e-01 -1.4493181886e+00 -3.1921826812e+00
147 179 176
6 18 2741 -69.6600 -684.3500 33 3841 -57.8900 -466.2400 84 2648 -91.5600 -489.0500 15 2977 -222.4400 -584.1300 32 922 379.1000 -687.6500 34 2152 -424.2800 -389.8199
2.0438462097e-01 -1.4343937295e+00 -3.2379969283e+00
134 172 172
6 18 2763 89.0100 -669.3800 33 2364 77.6801 -500.2200 84 2652 53.3600 -486.5200 15 2984 -85.3800 -580.5500 85 2694 -112.2500 -268.9301 93 2851 143.3600 -93.9000
-1.2965021892e-01 -1.4375686779e+00 -3.2019395725e+00
181 211 209
5 18 2748 -63.8100 -676.9800 33 3850 -50.2800 -462.5900 84 4214 -87.2500 -484.3600 15 2988 -217.0700 -579.0100 34 3304 -413.5000 -387.9301
-6.0647514708e-01 -1.4257988622e+00 -3.0967823820e+00
169 204 208
4 18 2731 -291.2300 -690.2200 33 6172 -237.4200 -405.3400 84 4239 -294.3800 -475.3600 15 2996 -411.6900 -571.1400
-1.3070779529e+00 -1.4402795724e+00 -3.0768804234e+00
187 214 208
4 18 1925 -621.2800 -695.2500 33 4116 -492.2500 -327.8900 15 2999 -683.3500 -570.3900 32 1123 -477.2100 -430.2400
-1.4072331098e-02 -1.4081866304e+00 -3.2206141895e+00
117 156 154
7 18 2777 -10.6400 -659.7700 33 3845 -3.3000 -464.5500 84 4246 -36.6000 -472.1801 15 3010 -170.3600 -567.9000 34 3272 -354.9400 -406.9500 35 2931 -420.1400 -692.2100 41 2077 -352.2500 -797.5000
1.2614922624e-01 -1.3987807312e+00 -3.2618311530e+00
130 169 168
4 18 2790 52.9200 -648.4900 33 3818 53.4399 -475.4200 84 2675 20.8000 -468.6200 15 3018 -113.7700 -564.7200
-2.9001529539e-01 -1.3952653862e+00 -3.2129712528e+00
128 155 146
5 18 4020 -136.8300 -654.1200 33 6087 -105.3400 -426.3199 84 4276 -152.8800 -461.6400 15 3027 -276.7400 -560.3500 32 1767 274.5699 -607.4500
2.0762711901e-01 -1.3652727769e+00 -3.2638532481e+00
189 222 220
3 18 4054 89.9399 -633.5300 33 3832 87.4700 -472.4700 15 3043 -81.8300 -551.7600
-1.8522501213e-01 -1.3708281542e+00 -3.2234231393e+00
137 166 162
5 18 2798 -88.5800 -642.2200 33 3929 -62.9500 -429.1100 15 3045 -234.7400 -550.8000 32 1008 357.6500 -611.0200 34 3363 -411.3500 -343.3800
-3.5063427031e-01 -1.3440055428e+00 -3.2294535784e+00
173 198 194
4 18 2818 -164.2000 -627.9500 33 4012 -120.1200 -398.4100 15 3069 -296.5900 -539.0900 85 2753 -218.1300 -233.9800
-7.1217973202e-01 -1.2636574051e+00 -3.2626168641e+00
132 157 153
4 18 2872 -324.6900 -583.6000 33 4122 -237.4500 -325.4399 15 3116 -425.7400 -504.4301 32 1129 -1.0100 -416.5601
-1.0421866309e+00 -9.7000815377e-01 -2.3423098381e+00
187 167 194
5 18 1399 -646.5900 -627.3300 33 2634 -467.7900 -169.3600 84 1803 -565.0100 -274.0100 15 3238 -697.0700 -355.1600 32 677 -414.5000 -44.3100
-1.0424956998e+00 -8.8164272767e-01 -2.4193840641e+00
181 177 176
5 18 1996 -629.5700 -556.9800 33 2656 -439.9600 -131.5000 84 2867 -548.6500 -225.7800 15 3264 -674.6900 -318.8000 32 1263 -354.7900 28.8000
-8.5440141789e-01 -8.4711991758e-01 -2.4464130916e+00
182 169 195
4 18 1066 -513.7700 -533.2400 33 2650 -352.2500 -141.4200 15 3269 -586.2100 -305.4399 85 2851 -348.6800 -167.4200
-8.6281011312e-01 -7.5894187276e-01 -2.4930288789e+00
158 136 159
4 18 2026 -510.6200 -473.0100 33 2674 -335.6900 -102.3000 15 3286 -576.1400 -269.2800 32 700 -129.5500 88.4000
-3.8052789331e-01 -7.1591224371e-01 -2.4517681141e+00
119 136 129
4 18 2036 -236.7000 -459.7900 33 4313 -129.0300 -143.0000 84 4727 -193.7400 -158.8900 15 3302 -375.1200 -249.9000
-9.4422272005e-01 -6.9752840206e-01 -2.5251662724e+00
155 140 161
8 18 2046 -550.9700 -431.7200 33 2689 -355.7900 -67.2800 84 2899 -474.4300 -135.3000 15 3307 -601.3900 -245.5200 32 714 -179.4500 153.6500 85 2891 -359.4300 -128.9800 35 3382 -745.8500 -125.4200 41 2333 -707.8800 -289.7600
-3.6486932131e-01 -6.3180408025e-01 -2.5239692739e+00
156 161 174
3 18 1484 -222.3600 -398.8800 33 2669 -103.8900 -109.4200 15 3323 -354.7300 -218.2200
-1.0244230821e+00 -3.1182274417e-01 -2.6770864932e+00
197 207 219
3 18 1110 -565.9700 -198.0600 33 2733 -314.5500 92.8400 15 3405 -586.4100 -101.5000
-9.1247717845e-01 -2.3671773869e-01 -2.6373188535e+00
175 191 180
5 18 2118 -515.0000 -160.0500 33 2743 -266.4900 114.5600 84 1907 -425.4000 80.8600 15 3425 -545.3000 -68.9900 32 754 -16.5601 492.9399
-3.0422780626e-01 8.6858524959e-02 -2.0755707694e+00
112 138 85
4 18 2147 -228.5600 7.5400 33 2786 -16.5200 258.3000 84 3073 -132.8200 296.9000 15 3583 -359.2400 144.5800
-8.4087608276e-01 9.1882427998e-01 -2.8343209453e+00
175 203 237
3 18 2353 -445.4100 457.5300 33 2921 -79.8600 528.3400 15 3701 -442.7300 306.8300
-2.2622554672e-01 8.0211065202e-01 -2.5735309570e+00
171 152 122
6 18 2321 -137.3200 428.5601 33 2897 138.0699 480.1100 84 3186 -68.0000 537.3500 15 3720 -251.6600 321.4200 35 2718 -40.5000 363.7400 41 1918 1.5500 172.5000
-4.4815916716e-01 -1.6044650641e+00 -3.0039291651e+00
135 161 161
5 18 3566 -222.9300 -796.4301 33 5789 -209.1600 -500.9800 84 3963 -234.4900 -568.2500 15 4302 -366.4200 -650.5000 32 834 103.2400 -775.7100
-7.6714425316e-01 -1.5898467141e+00 -3.0505488676e+00
144 172 173
4 18 5190 -370.5800 -775.1000 33 5976 -321.2700 -451.4800 84 6138 -374.4100 -550.2000 15 4344 -488.0300 -640.2300
-3.5423859508e-01 -1.5296189861e+00 -3.0142744525e+00
189 223 225
5 18 3684 -177.1600 -759.7000 33 5851 -163.5400 -482.3600 84 6197 -189.3100 -534.3900 15 4402 -324.9200 -619.0699 32 879 196.7800 -733.6000
4.1549879006e-01 -1.4970586017e+00 -3.1891863180e+00
180 212 212
5 18 3853 187.4900 -708.5601 33 5560 151.3800 -555.7400 84 4118 142.5200 -521.7900 15 4426 -5.2200 -609.1801 34 2971 -204.0700 -577.4000
-3.2513536522e-02 -1.5042199189e+00 -3.1686791226e+00
169 204 200
6 18 3842 -19.2800 -713.9000 33 5775 -24.2300 -502.9000 84 6285 -46.1400 -517.0200 15 4428 -183.0200 -608.6500 32 1447 458.6200 -763.5100 34 4942 -403.2200 -446.2300
-5.9882812120e-02 -1.4308024250e+00 -3.2012817837e+00
177 212 213
6 18 3959 -32.1300 -674.5200 33 5904 -24.1600 -468.8800 84 6439 -56.6100 -482.6200 15 4522 -189.1500 -576.4200 32 1595 446.2700 -690.8000 34 5069 -384.3400 -404.2000
-5.3562345423e-01 -1.4359809920e+00 -3.0924660283e+00
172 212 214
5 18 2716 -258.3400 -696.4100 33 3956 -212.7900 -417.9100 84 4223 -264.1000 -482.0601 15 4524 -385.0500 -576.2100 32 1023 76.5100 -597.4399
-7.3886597790e-02 -1.4210959650e+00 -3.2074980405e+00
170 205 199
5 18 3982 -38.5400 -668.7500 33 5928 -27.9600 -463.0400 84 6466 -61.5400 -477.1600 15 4529 -194.0700 -572.5100 32 1621 436.0699 -678.8300
-2.4357431285e-01 -1.4101940926e+00 -3.2056727293e+00
179 211 207
4 18 5695 -116.1700 -662.5200 33 8654 -90.0200 -437.9500 84 9406 -133.0900 -469.1801 15 4538 -260.6500 -567.4301
-1.5858493111e-01 -1.4003613060e+00 -3.2108177001e+00
173 203 195
3 18 5717 -77.1400 -657.7700 33 6010 -57.5600 -444.4000 15 4549 -226.0800 -563.3700
-9.2971262132e-01 -1.3212552745e+00 -3.1756253779e+00
187 215 215
5 18 2828 -432.5400 -623.7700 33 4124 -331.5500 -324.5400 84 4398 -425.3700 -416.7700 15 4637 -519.8300 -524.4301 32 2084 -173.0200 -417.6899
-7.7871429015e-01 -1.0921279481e+00 -3.3743781991e+00
131 159 162
4 18 4295 -343.1900 -489.8900 33 6542 -229.9900 -254.4600 15 4831 -430.3600 -439.0000 32 2226 -2.3500 -286.9399
-6.9686933781e-01 -8.5280455406e-01 -2.3516112240e+00
134 117 144
5 18 2901 -438.7900 -559.0100 33 4293 -300.3500 -161.6200 84 2869 -371.5400 -221.2800 15 4991 -534.7000 -303.5100 32 1257 -19.5200 -9.9700
-9.9254355088e-01 -6.9883642348e-01 -2.5332831155e+00
199 183 209
4 18 4356 -576.4900 -430.5200 33 6781 -373.9800 -62.5200 15 5039 -619.3200 -246.1500 32 2432 -220.9500 159.2900
-9.7211213183e-01 -6.9585245744e-01 -2.5317215959e+00
162 147 170
4 18 2049 -565.0400 -429.3101 33 4364 -365.5400 -63.1800 84 2903 -487.6400 -133.4200 15 5041 -611.5200 -245.0000
-8.7116447552e-01 -3.2810126041e-01 -2.6241826177e+00
195 209 220
5 18 3065 -493.2300 -212.2100 33 9693 -263.1600 73.8100 84 7399 -410.5600 37.8100 15 5183 -535.1800 -103.0200 32 2482 -5.9301 420.2200
-1.0449287926e+00 8.1956093638e-01 -2.5960323306e+00
232 228 241
3 18 2330 -600.4400 433.9700 33 7121 -191.0500 552.7500 15 5518 -550.1300 316.0300
-5.6579627251e-01 -1.5966226058e+00 -3.0247869544e+00
139 165 164
6 18 5148 -277.6600 -786.4900 33 8410 -250.7600 -481.4200 84 6094 -286.2000 -560.0300 15 6334 -410.7600 -645.4500 32 1504 12.3800 -733.0900 93 4286 41.1500 -274.0100
4.5837524860e-01 -1.5501581767e+00 -3.1560315671e+00
151 191 191
3 18 5347 208.3101 -740.0900 33 7850 161.5300 -585.9000 15 6421 10.9800 -632.9700
3.5153569894e-01 -1.5455946119e+00 -3.1611731991e+00
130 170 169
4 18 3766 157.9800 -736.5601 33 5499 120.2100 -569.2700 15 6437 -31.7000 -629.9700 34 4590 -253.4300 -583.0200
4.6420371751e-01 -1.5002506887e+00 -3.1778899653e+00
141 174 168
4 18 5479 210.2700 -712.6801 33 5528 170.3199 -564.1801 84 6239 163.6801 -525.0500 15 6546 13.9600 -611.0300
-6.8612206515e-02 -1.5053516580e+00 -3.1691307600e+00
137 171 170
6 18 5465 -36.8800 -714.7500 33 8327 -37.9800 -498.8300 84 6286 -61.5500 -516.8300 15 6570 -196.8700 -608.4700 32 1462 429.2700 -755.3000 34 7135 -417.4300 -436.3900
2.9352082935e-01 -1.4771132391e+00 -3.2097227801e+00
183 219 213
4 18 5560 130.2500 -694.5800 33 8127 106.2700 -530.6100 84 6323 91.1400 -508.7800 15 6619 -52.4399 -599.5000
-1.5604530463e-01 -1.3365674040e+00 -3.2475685806e+00
159 190 183
4 18 4085 -74.4700 -621.8900 33 8740 -47.0601 -418.4301 84 6637 -94.4100 -436.9600 15 6924 -221.4100 -537.4301
-7.0560786953e-01 -1.2719821949e+00 -3.2575103692e+00
180 208 211
5 18 4146 -322.1500 -588.2700 33 6381 -237.0100 -329.5000 84 6764 -322.1100 -396.6500 15 7051 -423.7200 -507.2300 32 2070 1.0100 -424.3101
-5.1912874449e-01 -1.2320712288e+00 -3.2750608887e+00
117 149 147
4 18 4179 -236.5300 -568.4000 33 9061 -165.0500 -335.7900 84 6808 -241.8500 -383.2800 15 7119 -352.5700 -493.5000
-5.5764257740e-02 -1.1055009076e+00 -3.3763959276e+00
137 169 168
4 18 4285 -26.7400 -499.2900 33 9052 22.3400 -338.2700 84 6970 -48.3400 -337.4399 15 7296 -170.3100 -448.6600
-1.0286767210e+00 -9.6640362698e-01 -2.3440427002e+00
165 147 171
4 18 4079 -638.7400 -625.0200 33 6669 -461.1100 -169.6800 15 7539 -690.5200 -353.7800 32 2374 -398.8300 -44.3900
-1.0017057181e+00 -7.6041410724e-01 -2.5143257446e+00
196 180 203
5 18 2032 -584.7400 -468.4000 33 6761 -389.2300 -86.8100 84 4723 -508.0000 -165.1600 15 7643 -630.7700 -271.1700 32 2422 -251.2100 111.0000
-3.0962685549e-01 8.5201042964e-01 -2.5519429561e+00
171 155 128
3 18 4872 -187.4000 460.5000 33 7103 107.4301 512.4100 15 8488 -283.4200 341.7200
-8.7696414284e-01 1.1925041962e+00 -2.6036652494e+00
250 243 254
4 18 3506 -504.6600 646.1899 33 7178 -79.9900 680.4299 84 5245 -351.0700 717.8700 15 8565 -472.4300 436.4000
1.6577535249e-01 1.1208631440e+00 -2.4428398737e+00
144 172 98
3 18 6978 92.8700 642.0400 33 10081 347.1000 604.5900 15 8578 -105.3400 459.0200
-3.6198532113e+00 1.7086236563e+00 -5.6992250002e+00
61 24 17
3 18 6 -956.7600 474.2800 33 42 -474.0100 514.5200 84 15 -882.6200 446.0701
-4.0453263579e+00 2.2776430515e+00 -6.1955735173e+00
63 26 18
2 18 152 -985.1400 582.6500 33 218 -471.7200 591.2900
-8.7354417633e-01 -9.6287251860e-01 -2.3312936743e+00
150 133 152
2 18 242 -548.1300 -628.0300 33 306 -396.8800 -188.4200
-9.6635946416e-01 -8.9255353100e-01 -2.4134573816e+00
197 194 217
5 18 249 -587.4400 -565.5800 33 582 -411.2900 -145.9100 84 428 -508.6000 -233.3400 32 137 -288.1500 1.2900 85 843 -376.4000 -175.5500
-9.2617419064e-01 -2.7639580619e-01 -2.6465373464e+00
124 131 77
5 18 270 -518.0700 -181.4800 33 340 -276.3000 98.8800 84 242 -433.2100 61.5100 32 82 -36.4000 460.3300 85 658 -338.6800 -34.4700
3.6363279747e-02 1.8335058555e-01 -2.5270002031e+00
139 131 144
3 18 281 12.4200 70.9700 33 356 176.0000 201.8000 85 669 -120.0900 23.0100
1.3811776831e+00 -9.7525232919e-01 -2.6097765810e+00
123 91 104
3 18 376 760.1200 -580.8300 33 553 669.4700 -509.2500 84 593 653.4500 -334.1300
-8.9164524800e-01 9.8560570205e-01 -2.5964945797e+00
171 141 130
2 18 492 -513.9900 529.5400 33 740 -111.5700 604.0200
-1.0348309354e+00 -1.0166020069e+00 -2.2929168915e+00
124 95 115
2 18 529 -655.0800 -668.7300 33 575 -480.9600 -191.2400
-9.8969819545e-01 -9.9765874403e-01 -2.3108308700e+00
126 103 112
2 18 533 -623.4300 -653.0000 33 578 -455.0500 -188.8000
-1.0829425589e+00 -9.6018445861e-01 -2.3653495308e+00
192 189 210
3 18 537 -665.7800 -615.5601 33 821 -477.9000 -160.1300 85 1090 -406.5600 -188.8400
-1.0181189822e+00 -7.0756971435e-01 -2.5356012789e+00
186 170 196
2 18 564 -590.3200 -434.9399 33 841 -385.1500 -62.9200
-3.2749292275e+00 1.6784029154e+00 -5.7127099232e+00
201 157 137
3 18 663 -863.7200 465.4299 33 697 -408.0900 493.4299 84 712 -798.9700 432.4700
-7.7226811317e-01 -1.0817646425e+00 -2.2908740221e+00
181 202 195
2 18 735 -493.7300 -711.8101 33 1119 -377.3600 -257.9200
-7.7457074135e-01 -9.5122575699e-01 -2.2965202282e+00
180 161 189
4 18 750 -496.0300 -631.0000 33 1131 -358.3200 -196.4900 84 847 -424.3200 -272.6500 32 188 -146.2800 -86.3500
-8.9998140236e-01 -8.5728387026e-01 -2.4405591484e+00
203 190 216
3 18 771 -542.1500 -539.8900 33 1152 -372.5300 -139.3500 85 1367 -359.5600 -169.4000
-1.0380178508e+00 -7.8084546104e-01 -2.4864813816e+00
157 134 163
2 18 782 -611.7100 -485.2000 33 1169 -411.9400 -89.9300
-8.2136338290e-01 -3.2957414756e-01 -2.6216860476e+00
162 170 172
3 18 815 -466.4200 -213.6800 33 1194 -244.5700 68.5600 84 913 -386.4400 36.0500
-9.5586616491e-01 -2.2965097968e-01 -2.6607040629e+00
159 179 177
3 18 818 -533.4500 -155.1000 33 865 -279.4400 120.8500 84 651 -443.2500 83.6100
-3.5223639352e+00 1.8467689783e+00 -5.8212643067e+00
73 32 26
3 18 927 -911.5400 502.8900 33 996 -436.0500 526.9200 85 773 -559.7200 460.9600
-9.7224937694e-01 9.6654171294e-01 -2.6233642889e+00
157 138 158
2 18 933 -554.0600 513.9200 33 1386 -142.5200 597.3600
1.3701914306e+00 -1.1845833352e+00 -2.4965968426e+00
147 145 120
2 18 1024 781.2900 -724.8400 33 1068 652.4100 -624.5800
1.3701914306e+00 -1.1845833352e+00 -2.4965968426e+00
147 145 120
2 18 1025 781.2900 -724.8400 33 1069 652.4100 -624.5800
3.6714304070e-01 -1.4698268815e+00 -3.1987096751e+00
153 186 183
3 18 1027 164.5500 -693.8700 33 1086 135.5200 -538.1000 84 1179 122.7700 -507.9200
3.6714304070e-01 -1.4698268815e+00 -3.1987096751e+00
153 186 183
3 18 1028 164.5500 -693.8700 33 1087 135.5200 -538.1000 84 1180 122.7700 -507.9200
-1.0925140068e+00 -1.0588677760e+00 -2.3134263882e+00
131 105 131
2 18 1029 -683.9500 -687.6200 33 1128 -507.4200 -203.1600
-1.2316853083e-01 -1.4165331596e+00 -3.2053491138e+00
141 173 162
3 18 1035 -61.3000 -666.3600 33 1098 -45.6600 -455.0699 85 1620 -176.9800 -257.0699
-1.0172639938e+00 -9.5651487163e-01 -2.3517090135e+00
178 163 183
5 18 1043 -630.5300 -617.6500 33 1686 -453.3100 -166.8500 84 1210 -550.0200 -267.3199 32 264 -380.7900 -38.1400 85 1656 -393.0700 -191.4200
-8.7746356270e-01 -8.4124475479e-01 -2.4714501166e+00
195 184 209
3 18 1069 -522.5000 -524.1000 33 1706 -356.3900 -135.7700 85 1668 -352.3000 -165.2600
-4.8491643627e-01 -6.1274951171e-01 -2.5069955767e+00
98 113 70
2 18 1087 -291.8500 -389.7000 33 1172 -155.0600 -85.0200
-9.6279796126e-01 -3.6745051997e-01 -2.6257426950e+00
124 141 125
3 18 1103 -543.4700 -233.7000 33 1195 -304.4900 68.0700 84 1293 -456.4100 21.9100
-7.6376645173e-01 8.9658474320e-01 -2.8067974755e+00
162 187 212
4 18 1228 -408.9000 449.3800 33 1929 -55.3700 518.6899 84 1466 -299.2000 545.1600 43 667 -11.1899 351.8600
-8.1550873596e-01 9.0798870419e-01 -2.8184080215e+00
121 141 174
2 18 1232 -434.8300 454.0800 33 1934 -72.7400 524.6000
-8.7733801425e-01 9.7353345907e-01 -2.5898742226e+00
166 138 133
2 18 1265 -507.5400 523.7100 33 1967 -107.4500 599.5900
-8.4513731497e-01 9.9690723023e-01 -2.5274976329e+00
134 119 110
