# Bundle file v0.3
96 9462
1.5883351267e+03 -1.0365239315e-02 -7.4698578632e-03
7.7716962029e-01 5.0985522767e-01 -3.6885637872e-01
-4.2633451836e-01 8.5772163120e-01 2.8731947694e-01
4.6286743216e-01 -6.6039762225e-02 8.8396407735e-01
-1.6842747067e+00 9.6220984837e-01 2.8386500793e-01
1.5770448882e+03 -3.7040687061e-03 -1.2429641857e-02
9.9397112334e-01 9.2733435350e-02 -5.8497144602e-02
-7.5801754596e-02 9.6669290911e-01 2.4445636312e-01
7.9218053235e-02 -2.3854837966e-01 9.6789419391e-01
-4.0271117810e-01 1.1246683617e+00 8.2994358679e-01
0 0 0
0 0 0
0 0 0
0 0 0
0 0 0
1.5961978186e+03 -3.4533883542e-02 2.2126370605e-02
7.3384975799e-01 4.9958701252e-01 -4.6030136826e-01
-3.6823939232e-01 8.6196317713e-01 3.4845262405e-01
5.7084523527e-01 -8.6210777697e-02 8.1651908684e-01
-1.6033915480e+00 1.6495102731e+00 -6.7465816720e-01
1.5815123647e+03 2.0944946518e-03 -2.3294806157e-02
4.7575873078e-01 5.8009341366e-01 -6.6116961630e-01
-4.3445612512e-01 8.0857644559e-01 3.9680222652e-01
7.6478853641e-01 9.8467065882e-02 6.3671244020e-01
-2.7771547097e+00 1.7036483429e+00 -3.3926394290e-01
1.6073606471e+03 -5.7983262207e-02 6.4214770528e-02
5.4622160008e-01 6.2385169795e-01 -5.5897318592e-01
-5.8795212134e-01 7.6085151779e-01 2.7462205100e-01
5.9661902972e-01 1.7864497432e-01 7.8238846268e-01
-3.1349228952e+00 2.4010434542e+00 4.5879642051e-01
0 0 0
0 0 0
0 0 0
0 0 0
0 0 0
0 0 0
0 0 0
0 0 0
0 0 0
0 0 0
0 0 0
0 0 0
0 0 0
0 0 0
0 0 0
0 0 0
0 0 0
0 0 0
0 0 0
0 0 0
0 0 0
0 0 0
0 0 0
0 0 0
0 0 0
0 0 0
0 0 0
0 0 0
0 0 0
0 0 0
1.6174042779e+03 -2.1133246625e-02 2.2002899406e-02
3.2731318399e-01 7.7373247387e-01 -5.4240587982e-01
-5.7588299280e-01 6.1844331170e-01 5.3468369043e-01
7.4914942314e-01 1.3735330024e-01 6.4800402215e-01
-2.5268509321e+00 2.4553497102e+00 -7.6697510978e-01
1.6113654263e+03 -2.2247779725e-02 2.1365072696e-02
3.1085263255e-01 7.8831996811e-01 -5.3096352861e-01
-6.9783010206e-01 5.6857232973e-01 4.3561296413e-01
6.4529356846e-01 2.3511089669e-01 7.2685560930e-01
-2.5081221294e+00 2.9587738837e+00 -1.6105147832e-01
1.6035124481e+03 -3.5483055394e-02 3.4870069829e-02
7.3471937186e-01 5.2644500930e-01 -4.2783536179e-01
-3.4829006732e-01 8.3394917935e-01 4.2804531917e-01
5.8213527090e-01 -1.6548238107e-01 7.9607418494e-01
-1.8150642599e+00 1.5122844029e+00 -2.3138735983e+00
1.6004920636e+03 -3.1346710173e-02 2.3599237216e-02
9.9747706718e-01 1.6907888966e-02 -6.8946528058e-02
6.3486974387e-03 9.4608400781e-01 3.2385914255e-01
7.0704982012e-02 -3.2347978834e-01 9.4358975835e-01
-5.9858767898e-01 9.3945134720e-01 -1.3665951327e+00
1.5935963711e+03 -7.9867398851e-03 -9.2492046870e-03
-4.7730845834e-02 8.1540504118e-01 -5.7691973894e-01
-7.6015145573e-01 3.4503944690e-01 5.5056111780e-01
6.4799037856e-01 4.6482512723e-01 6.0336230442e-01
-2.0030627403e+00 2.5805442565e+00 -2.8340539969e+00
1.6542541235e+03 -4.4942173810e-02 1.7283100769e-02
6.9511208749e-01 5.3600508621e-01 -4.7908009077e-01
-6.9543181931e-01 6.7023606565e-01 -2.5914899381e-01
1.8219157640e-01 5.1330513718e-01 8.3864418297e-01
-2.0868217514e+00 -6.6783592879e-01 -1.3464984747e+00
1.6020967988e+03 -2.9271566760e-02 4.8804429762e-03
9.9990354615e-01 2.5131917428e-03 -1.3659512066e-02
-2.7815452711e-03 9.9980280414e-01 -1.9662549242e-02
1.3607402710e-02 1.9698647265e-02 9.9971335986e-01
-4.2553097681e-02 -7.0792842782e-02 -1.3228145820e-01
0 0 0
0 0 0
0 0 0
0 0 0
0 0 0
0 0 0
0 0 0
0 0 0
0 0 0
0 0 0
0 0 0
0 0 0
0 0 0
0 0 0
0 0 0
0 0 0
0 0 0
0 0 0
0 0 0
0 0 0
0 0 0
0 0 0
0 0 0
0 0 0
0 0 0
0 0 0
0 0 0
0 0 0
0 0 0
0 0 0
0 0 0
0 0 0
0 0 0
0 0 0
0 0 0
0 0 0
0 0 0
0 0 0
0 0 0
0 0 0
0 0 0
0 0 0
0 0 0
0 0 0
0 0 0
0 0 0
0 0 0
0 0 0
0 0 0
0 0 0
0 0 0
0 0 0
0 0 0
0 0 0
0 0 0
0 0 0
0 0 0
0 0 0
0 0 0
0 0 0
0 0 0
0 0 0
0 0 0
0 0 0
0 0 0
1.5881650353e+03 -8.8861232812e-04 -3.7575764898e-02
9.5478211795e-01 2.6069831137e-01 -1.4292479733e-01
-2.2626146238e-01 9.4900872986e-01 2.1951806598e-01
1.9286486950e-01 -1.7725355031e-01 9.6508254622e-01
5.1878485936e-01 1.1700841153e+00 8.9481578210e-01
1.5977421473e+03 -3.9256639995e-02 4.7786425848e-02
9.5045784151e-01 2.7940330899e-01 -1.3624860526e-01
-2.5816218395e-01 9.5363622372e-01 1.5469401926e-01
1.7315362627e-01 -1.1185590615e-01 9.7852239523e-01
-3.8507308880e-02 6.8425512971e-01 -8.7387888835e-01
1.5974220653e+03 -1.1540042337e-02 -1.1675344867e-02
8.3411509585e-01 5.0121112411e-01 -2.3030287872e-01
-4.2330297890e-01 8.4934651190e-01 3.1531744446e-01
3.5364755751e-01 -1.6552314580e-01 9.2061690907e-01
-6.6347614511e-01 1.4434644532e+00 -1.3921350973e-01
1.5925751193e+03 -1.6815120812e-02 2.8808506750e-04
7.3255174079e-01 5.5965088344e-01 -3.8750333641e-01
-5.2256275571e-01 8.2715496676e-01 2.0674338516e-01
4.3622942750e-01 5.1044584629e-02 8.9838651869e-01
-1.2985056552e+00 3.9410266136e-01 -2.5491998218e-01
1.6029603210e+03 -4.2678325008e-02 2.3744507763e-02
4.4920861884e-01 7.1434818341e-01 -5.3658018005e-01
-6.6572546622e-01 6.6816823336e-01 3.3220598362e-01
5.9583657188e-01 2.0798529945e-01 7.7570670671e-01
-1.8075401319e+00 1.6615959201e+00 -4.3331370648e-01
1.5920980384e+03 -2.8612078007e-02 1.1454068515e-02
6.7819407586e-01 6.0289590092e-01 -4.2020153276e-01
-5.5781266536e-01 7.9458310205e-01 2.3975555115e-01
4.7843267639e-01 7.1792942533e-02 8.7518452201e-01
-2.6048024928e+00 1.6818292833e+00 -5.5936855641e-03
1.5931627272e+03 -2.5957590465e-02 6.2069445471e-03
6.7784071880e-01 6.0343103049e-01 -4.2000351353e-01
-5.5862025867e-01 7.9412584572e-01 2.3938994916e-01
4.7799096910e-01 7.2354216151e-02 8.7537963243e-01
-2.6011994344e+00 1.6881700409e+00 -4.3346479056e-03
1.5964543795e+03 -3.1642373622e-02 9.4758353385e-03
4.8082838813e-01 6.9323993331e-01 -5.3686353576e-01
-6.4927336320e-01 6.9300312210e-01 3.1335406906e-01
5.8927766036e-01 1.9790166151e-01 7.8331779717e-01
-1.5188621721e+00 1.9456588732e+00 -4.8444147091e-01
1.5964340565e+03 -2.6271436541e-02 1.5405209416e-02
6.2773684015e-01 6.1593010293e-01 -4.7600059645e-01
-5.1413754884e-01 7.8719301251e-01 3.4057266760e-01
5.8447330169e-01 3.0939769701e-02 8.1082284764e-01
-2.5413143151e+00 5.8996007305e-01 -5.8570287360e-01
1.5948113908e+03 -2.3797158671e-02 1.6312669397e-02
7.2633694277e-01 5.4445307844e-01 -4.1953008348e-01
-5.6436853086e-01 8.2080636608e-01 8.8119639022e-02
3.9232997201e-01 1.7276502766e-01 9.0345417055e-01
-1.3018370604e+00 -2.4525917999e-01 -1.4643038795e-01
1.5851706696e+03 -1.7835600432e-02 4.2915673654e-02
6.1722783902e-01 6.8617273132e-01 -3.8496334569e-01
-6.9817518349e-01 7.0325640009e-01 1.3409641641e-01
3.6274124096e-01 1.8600381319e-01 9.1313820070e-01
-8.9444703528e-01 -4.9896854401e-01 1.3153767815e+00
1.6078859657e+03 4.7056167716e-03 -5.1408183190e-02
9.7987650826e-01 6.2623106621e-02 1.8952671335e-01
-8.4400198136e-02 9.9044127259e-01 1.0909945973e-01
-1.8088293206e-01 -1.2290008981e-01 9.7579553843e-01
1.1819209926e+00 -1.4175917590e-01 6.5343376840e-01
1.5977381739e+03 2.6127855042e-03 3.4025998653e-02
6.2280488895e-01 -6.0203578994e-01 4.9966686695e-01
5.5688948346e-01 7.8970633797e-01 2.5736744740e-01
-5.4953450621e-01 1.1796951894e-01 8.2710036821e-01
2.0545213117e+00 6.6926277415e-01 2.5842878836e-01
0 0 0
0 0 0
0 0 0
0 0 0
0 0 0
0 0 0
0 0 0
0 0 0
0 0 0
0 0 0
0 0 0
0 0 0
0 0 0
0 0 0
0 0 0
0 0 0
0 0 0
0 0 0
0 0 0
0 0 0
0 0 0
0 0 0
0 0 0
0 0 0
0 0 0
0 0 0
0 0 0
0 0 0
0 0 0
0 0 0
0 0 0
0 0 0
0 0 0
0 0 0
0 0 0
0 0 0
0 0 0
0 0 0
0 0 0
0 0 0
0 0 0
0 0 0
0 0 0
0 0 0
0 0 0
0 0 0
0 0 0
0 0 0
0 0 0
0 0 0
0 0 0
0 0 0
0 0 0
0 0 0
0 0 0
0 0 0
0 0 0
0 0 0
0 0 0
0 0 0
0 0 0
0 0 0
0 0 0
0 0 0
0 0 0
0 0 0
0 0 0
0 0 0
0 0 0
0 0 0
0 0 0
0 0 0
0 0 0
0 0 0
0 0 0
0 0 0
0 0 0
0 0 0
0 0 0
0 0 0
0 0 0
0 0 0
0 0 0
0 0 0
0 0 0
0 0 0
0 0 0
0 0 0
0 0 0
0 0 0
0 0 0
0 0 0
0 0 0
0 0 0
0 0 0
0 0 0
0 0 0
0 0 0
0 0 0
0 0 0
0 0 0
0 0 0
0 0 0
0 0 0
0 0 0
0 0 0
0 0 0
0 0 0
0 0 0
0 0 0
0 0 0
0 0 0
0 0 0
0 0 0
0 0 0
0 0 0
0 0 0
0 0 0
0 0 0
0 0 0
0 0 0
0 0 0
0 0 0
0 0 0
0 0 0
0 0 0
0 0 0
0 0 0
0 0 0
0 0 0
0 0 0
0 0 0
0 0 0
0 0 0
0 0 0
0 0 0
0 0 0
0 0 0
0 0 0
0 0 0
0 0 0
0 0 0
0 0 0
0 0 0
0 0 0
0 0 0
0 0 0
0 0 0
0 0 0
0 0 0
0 0 0
0 0 0
0 0 0
0 0 0
0 0 0
0 0 0
0 0 0
0 0 0
0 0 0
0 0 0
0 0 0
0 0 0
0 0 0
0 0 0
0 0 0
0 0 0
0 0 0
0 0 0
0 0 0
0 0 0
1.6033916462e+03 -1.4610829232e-02 -3.0891523371e-03
3.7399488888e-01 7.6461291575e-01 -5.2487609220e-01
-5.2823252728e-01 6.4079552540e-01 5.5709199577e-01
7.6229798650e-01 6.8907065634e-02 6.4354766420e-01
-2.5250337499e+00 1.8353279999e+00 -3.3235767933e+00
1.6026130055e+03 -2.6278391152e-02 9.9282196771e-03
7.8269901602e-01 4.6582435436e-01 -4.1278314064e-01
-3.2434150454e-01 8.7130949071e-01 3.6826941204e-01
5.3121072914e-01 -1.5436140155e-01 8.3305925297e-01
-1.6847727531e+00 8.2879287848e-01 -2.5997791881e+00
1.6046178859e+03 -3.1679882592e-02 1.3986427462e-02
7.8915611909e-01 4.5491368869e-01 -4.1265743122e-01
-3.1592479808e-01 8.7682614161e-01 3.6244646413e-01
5.2671068117e-01 -1.5565812937e-01 8.3567123027e-01
-1.7345128354e+00 8.2088062704e-01 -2.5724317645e+00
1.6053470829e+03 -3.6770848549e-02 1.9275223952e-02
8.0406771702e-01 4.5326260684e-01 -3.8474422113e-01
-2.9983358688e-01 8.6795771565e-01 3.9591567791e-01
5.1339548754e-01 -2.0298377541e-01 8.3380013210e-01
-1.7075986263e+00 1.6307698938e+00 -1.7509696473e+00
1.5950112688e+03 -1.3760504055e-04 -2.3372725914e-02
4.1989184589e-01 6.6872258540e-01 -6.1359672550e-01
-5.7456418623e-01 7.1921487383e-01 3.9064812960e-01
7.0254311872e-01 1.8852073903e-01 6.8621650905e-01
-2.6913895860e+00 2.4114222945e+00 -1.5977120642e+00
1.6018018385e+03 -4.4633630356e-02 3.0463389692e-02
9.9710018165e-01 5.2000526611e-02 5.5562334269e-02
-5.9937792951e-02 9.8650693791e-01 1.5235328166e-01
-4.6890177365e-02 -1.5524176851e-01 9.8676304378e-01
1.8504844977e-01 7.6927387145e-01 -7.0883129849e-01
1.5978089175e+03 -5.3078583369e-02 7.6649552444e-02
9.8558597964e-01 1.5671650763e-01 -6.3719800446e-02
-1.6561233833e-01 9.7066837850e-01 -1.7428554836e-01
3.4537372907e-02 1.8232617807e-01 9.8263133202e-01
-7.1901441197e-01 -4.7004017847e-01 -4.3375898155e+00
1.6059763965e+03 -4.1168411798e-02 4.8649988632e-02
4.0967853024e-01 7.5823601509e-01 -5.0718995188e-01
-7.5084949044e-01 5.9603026667e-01 2.8455748791e-01
5.1806229797e-01 2.6424622351e-01 8.1350192918e-01
-1.9110275837e+00 8.3759492966e-01 -5.4982533163e+00
1.6054105282e+03 -3.8585226851e-02 4.0963077555e-02
4.1722046961e-01 7.5682658585e-01 -5.0313079680e-01
-7.4973606054e-01 5.9952736346e-01 2.8011208467e-01
5.1363695278e-01 2.6034680602e-01 8.1755527112e-01
-1.9477812428e+00 8.7009349918e-01 -5.5172694082e+00
1.5999526165e+03 -4.0280877694e-02 4.6313887562e-02
4.1846291644e-01 7.5542730311e-01 -5.0420073114e-01
-7.5059068878e-01 6.0021440412e-01 2.7632641388e-01
5.1137305901e-01 2.6281601703e-01 8.1818416980e-01
-1.9325987860e+00 8.9005572405e-01 -5.4969539729e+00
1.5887618638e+03 -3.4409261285e-02 4.1421534040e-02
-3.2832291289e-01 7.8398228699e-01 -5.2685466550e-01
-8.0023243182e-01 6.5468795392e-02 5.9610560465e-01
5.0182877552e-01 6.1732131870e-01 6.0587314641e-01
-1.7047401128e+00 2.1451096262e+00 -5.3757594548e+00
1.5803767181e+03 -6.5873002324e-03 -1.5212144021e-02
-9.2836016334e-01 3.3911607545e-01 -1.5214366398e-01
-2.8835829307e-01 -3.9886123749e-01 8.7049365767e-01
2.3451418280e-01 8.5200352147e-01 4.6807381626e-01
-1.8960986482e-02 2.9174413675e+00 -5.5936166467e+00
1.5806590134e+03 -1.4644724075e-02 -3.3431920351e-03
-9.2455657627e-01 3.4872535321e-01 -1.5357657801e-01
-2.9399257442e-01 -3.9642664846e-01 8.6972080496e-01
2.4241184680e-01 8.4925646328e-01 4.6904152919e-01
-6.7623651788e-02 2.9363587904e+00 -5.6169756635e+00
1.5799222246e+03 -2.7485719859e-02 8.1234541058e-02
7.0848109673e-01 -5.5622793443e-01 4.3435586854e-01
6.0738899581e-01 7.9397778377e-01 2.6036256395e-02
-3.5935100299e-01 2.4537677933e-01 9.0036497756e-01
8.7532880544e-01 8.6189394016e-01 -2.2108806623e+00
1.5808953345e+03 -3.2235175646e-02 9.2855179992e-02
7.2334162746e-01 -5.3848037486e-01 4.3222190581e-01
5.8706141029e-01 8.0913796231e-01 2.5586295307e-02
-3.6350487002e-01 2.3523316910e-01 9.0140421878e-01
9.9059740836e-01 7.8520785058e-01 -2.1984417204e+00
0 0 0
0 0 0
0 0 0
0 0 0
0 0 0
0 0 0
0 0 0
0 0 0
0 0 0
0 0 0
-4.6454323076e-01 -7.6673517583e-01 -2.4507519365e+00
83 99 57
6 18 382 -291.5200 -481.5800 33 446 -175.1500 -148.6000 84 436 -242.3900 -177.4200 15 565 -417.2000 -268.1000 34 487 -571.5500 140.4500 1 165 -893.3400 -204.1100
-8.0548767182e-01 -3.7921450731e-01 -2.5879796585e+00
125 132 106
7 18 579 -473.6500 -230.5200 33 609 -253.7900 58.9000 84 642 -394.0900 24.2300 15 803 -524.5200 -112.5000 32 219 18.8500 399.3201 34 749 -541.0500 375.8900 1 362 -1035.1899 177.2500
-2.4795252781e-01 -8.1700979178e-01 -2.3915469494e+00
142 165 146
6 18 1442 -163.2200 -526.6600 33 1674 -88.6200 -202.1600 84 1824 -129.5300 -211.2200 15 1418 -327.9900 -288.0699 34 2373 -507.3500 69.3000 1 476 -704.0100 -277.6899
-4.7100482294e-01 -6.4340496993e-01 -2.4888298043e+00
145 163 150
9 18 1086 -291.4200 -401.5400 33 1716 -156.9000 -93.4900 84 1255 -239.9600 -114.4800 15 1448 -409.0900 -216.2200 32 416 275.5900 128.8300 34 1542 -515.6700 199.3200 85 2082 -260.3300 -134.2900 1 506 -844.5300 -75.7000 41 1236 -561.3000 -428.0000
-7.6202812498e-01 -2.5422153821e-01 -2.5957935317e+00
149 159 122
7 18 1121 -448.9800 -158.0500 33 1791 -217.2400 107.2800 84 1311 -366.4900 83.4600 15 1525 -499.3000 -62.6300 32 458 89.2300 493.1400 34 1645 -478.6000 423.4500 1 578 -964.0000 282.0801
-1.5820969942e-01 -8.1170914421e-01 -2.3920551271e+00
75 93 54
5 18 2008 -106.9600 -524.1200 33 4246 -45.2700 -213.0300 84 4705 -80.5400 -211.3200 15 3275 -286.5700 -286.0601 1 701 -598.4800 -280.8300
-3.4728857301e-01 -6.4420516452e-01 -2.5203395162e+00
126 134 152
4 18 4395 -213.7200 -397.2600 33 9523 -97.9700 -110.9500 15 7706 -350.5700 -219.4900 1 2120 -701.4700 -93.2600
4.7882643496e-01 -1.5331029391e+00 -3.1264537740e+00
177 218 216
9 18 1884 230.6801 -748.2500 33 2218 178.4600 -598.3900 84 2556 181.8300 -555.9100 15 2868 28.9900 -640.0800 34 1928 -192.0900 -643.3000 85 2633 -59.8200 -310.7200 14 3662 -348.9700 -475.1400 80 2240 -247.4000 -613.6200 93 2863 231.2500 -72.0000
-1.9534131337e-02 -1.3811802464e+00 -3.1945940297e+00
117 156 154
7 18 2777 -10.6400 -659.7700 33 3845 -3.3000 -464.5500 84 4246 -36.6000 -472.1801 15 3010 -170.3600 -567.9000 34 3272 -354.9400 -406.9500 14 3873 -409.5900 -344.2400 35 2931 -420.1400 -692.2100
-8.5174978123e-01 -2.9788279518e-01 -2.6177921136e+00
102 109 53
7 18 187 -498.0400 -181.6500 33 241 -259.2600 96.4400 84 157 -409.8400 62.6900 15 216 -532.1600 -82.2800 32 61 5.6500 461.4500 85 497 -329.6000 -36.3500 43 30 -160.2800 -612.3600
-9.1389586567e-01 -7.5064163345e-01 -2.5096448542e+00
127 103 116
6 18 172 -552.1600 -459.1200 33 324 -363.0700 -86.5800 84 228 -477.2800 -157.8000 15 300 -605.2500 -264.2500 32 74 -191.9700 114.9600 85 643 -360.9200 -138.9900
-7.8230586499e-01 -4.0581330419e-01 -2.5958349215e+00
132 139 88
3 18 181 -458.9500 -245.9800 33 239 -247.4600 44.2900 15 315 -515.2200 -123.6100
-4.2159882233e-01 -7.5951077715e-01 -2.4435291282e+00
159 181 174
5 18 252 -266.5800 -480.4800 33 445 -155.9000 -151.6700 84 315 -220.3500 -175.5700 15 412 -398.1700 -264.4800 85 845 -254.6200 -164.8300
-3.3368853285e-01 -7.8730394740e-01 -2.4227258966e+00
99 113 78
7 18 380 -214.2700 -501.1899 33 440 -121.6200 -175.9500 84 433 -174.5700 -193.5100 15 564 -362.7500 -275.7800 85 842 -236.3000 -175.6400 92 399 9.1600 -10.4600 93 431 45.3101 -40.0000
-7.4519806403e-01 -3.8760746608e-01 -2.6005917076e+00
115 115 81
4 18 397 -437.3800 -234.9600 33 606 -228.4200 47.5900 84 454 -362.6800 17.3200 15 592 -498.4500 -116.5500
-3.7121869361e+00 2.1963943848e+00 -5.9853755347e+00
202 155 135
4 18 504 -946.1300 581.2800 33 737 -445.2400 586.1700 84 536 -870.9200 524.2000 15 659 -767.1600 209.7700
-9.9026380821e-01 -8.9672361061e-01 -2.4266928004e+00
140 127 118
7 18 546 -614.5700 -564.0699 33 823 -432.0100 -139.9700 84 605 -536.9300 -233.0300 15 757 -664.7400 -323.9700 32 138 -336.3600 11.5600 85 1098 -386.5000 -173.5200 17 1242 -851.3600 21.6700
-1.0498300576e+00 -8.9536447647e-01 -2.4169764099e+00
141 131 129
5 18 765 -654.4800 -563.8700 33 825 -459.1900 -130.5400 84 606 -571.6200 -229.9399 15 758 -693.2900 -322.8700 32 199 -397.2600 29.0300
-9.7637568213e-01 -7.4756496788e-01 -2.5197789659e+00
131 105 122
6 18 561 -586.6200 -454.9700 33 595 -387.1300 -77.8200 84 438 -507.7500 -154.3500 15 774 -630.4900 -263.6899 32 154 -247.1800 128.1500 85 1107 -373.3700 -135.0800
-3.6092522831e-01 -6.8399506522e-01 -2.4869811452e+00
90 103 85
5 18 566 -224.9500 -426.8199 33 586 -113.4300 -126.2200 84 614 -183.1100 -138.3600 15 777 -362.9000 -233.9100 85 1105 -236.4400 -147.6800
-7.9475406620e-01 -5.1517450360e-01 -2.5583869705e+00
141 161 159
5 18 573 -475.3200 -313.2000 33 602 -272.7400 0.4300 84 448 -397.9800 -41.9800 15 792 -531.5400 -166.7100 32 161 -6.9301 290.6699
1.0852854799e-01 1.7812703136e-01 -2.4944284575e+00
117 66 65
7 18 844 61.4301 94.8900 33 888 219.1000 211.7500 84 969 81.9100 278.3500 15 861 -133.8300 127.2100 34 784 59.7700 501.9000 35 1024 -99.8200 -20.4300 93 822 -38.4700 330.7700
1.0872966474e-01 1.7754230982e-01 -2.4945726532e+00
117 66 65
6 18 845 61.4301 94.8900 33 889 219.1000 211.7500 84 970 81.9100 278.3500 15 862 -133.8300 127.2100 35 1025 -99.8200 -20.4300 41 954 -54.5500 -260.7700
-3.3957572019e+00 1.8655510121e+00 -5.7136881462e+00
206 159 139
10 18 673 -907.6300 519.0400 33 721 -429.3200 538.1600 84 723 -837.6200 475.6700 15 881 -745.4400 173.9600 85 576 -555.7400 473.4500 35 1190 -123.2800 592.6100 41 855 -89.3800 677.5900 87 853 128.7800 408.8600 88 839 130.9100 415.1000 86 822 141.1801 402.3000
-1.0616561908e+00 -9.4293526479e-01 -2.3929130461e+00
131 107 120
5 18 757 -667.1900 -598.3400 33 1146 -475.9300 -150.4400 84 851 -585.0800 -256.0900 15 1026 -707.7800 -343.4399 32 268 -435.0500 -11.0300
-4.4893804659e-01 -8.0991247608e-01 -2.4447111613e+00
133 154 123
5 18 1071 -283.1000 -509.9399 33 1141 -176.1100 -172.6500 84 860 -236.9600 -202.1200 15 1047 -413.3600 -288.5200 32 193 258.1700 -37.6200
-5.6591487609e-01 -1.5653103311e+00 -3.0165036914e+00
141 166 163
5 18 1340 -284.8400 -785.5601 33 1602 -255.6300 -479.2600 84 1175 -292.0600 -558.8300 15 1345 -416.7800 -645.8400 32 354 0.5699 -729.2700
1.8444855458e-01 -1.5202198322e+00 -3.1255154290e+00
122 170 164
5 18 1353 87.4500 -741.5601 33 1078 58.6801 -552.8900 15 1348 -93.3100 -631.6300 34 910 -326.0600 -537.8900 85 1996 -119.3100 -297.1300
-8.6515103729e-01 -1.4186810452e+00 -3.1024855464e+00
187 207 205
6 18 1375 -421.8300 -692.5400 33 1637 -340.6700 -377.6801 84 1744 -419.1000 -477.0000 15 1361 -519.3100 -576.6000 32 369 -184.0300 -521.1400 85 2027 -331.3700 -241.5000
1.8323034031e-01 -1.3684504186e+00 -3.2355202191e+00
186 217 224
6 18 1392 85.3500 -647.0500 33 1600 79.6899 -482.6500 84 1750 50.5699 -467.9000 15 1363 -86.2800 -563.6500 32 355 647.3300 -713.1300 85 2021 -112.2100 -260.3000
-7.5383812285e-01 -9.5461907664e-01 -2.3032158663e+00
180 161 189
5 18 750 -496.0300 -631.0000 33 1131 -358.3200 -196.4900 84 847 -424.3200 -272.6500 15 1407 -586.1100 -346.6400 32 188 -146.2800 -86.3500
-9.9688149337e-01 -7.3593374101e-01 -2.5245614456e+00
187 163 193
5 18 1082 -596.6300 -446.9301 33 1177 -393.0800 -69.8700 84 1244 -517.4800 -148.0400 15 1429 -637.9100 -259.1899 32 282 -261.5900 142.0300
-7.8070391368e-01 -5.9323228986e-01 -2.5464647567e+00
113 131 114
5 18 2082 -466.1700 -361.3300 33 1738 -277.9700 -34.7100 84 1267 -395.2900 -81.3100 15 1456 -532.5600 -198.1200 32 422 -17.5800 222.1899
-8.9983854684e-01 -3.6912167311e-01 -2.6078994353e+00
192 204 210
6 18 1107 -524.7400 -222.9000 33 1197 -289.0100 72.1100 84 1295 -439.9800 29.9300 15 1500 -559.1600 -110.4200 32 749 -58.6100 414.4800 85 1406 -341.3900 -50.7600
-6.5107861596e-01 -2.7620606947e-01 -2.5757168257e+00
142 161 133
5 18 1523 -387.0000 -172.6900 33 1781 -175.1800 87.4000 84 1305 -312.5700 71.5900 15 1522 -457.5600 -69.2400 32 454 183.4600 467.0100
-7.0403164288e-01 -2.0910281466e-01 -2.5862040390e+00
161 169 144
6 18 1128 -416.5600 -132.5600 33 1801 -187.8500 121.0500 84 1319 -336.0200 104.7000 15 1537 -473.9700 -42.9300 32 465 150.7100 526.6000 85 2134 -294.8600 -23.8900
7.1430389333e-01 4.1995126738e-01 -1.8786594544e+00
153 157 123
7 18 1180 557.9700 307.2600 33 1278 610.5300 369.2000 84 1445 485.9200 512.0300 15 1739 124.1899 363.3201 85 2155 44.9800 38.4900 35 1385 185.9200 -22.0000 41 899 249.6100 -501.0601
5.3113479755e-01 -1.5586910952e+00 -3.1141476219e+00
165 204 196
3 18 2582 256.9200 -763.6600 33 2188 197.4100 -617.4900 15 1930 50.7800 -652.3800
-6.9214337612e-01 -1.5741684901e+00 -3.0207276297e+00
145 175 173
5 18 1859 -346.3800 -787.8600 33 2413 -305.5300 -466.0100 84 2550 -351.9400 -560.9500 15 1938 -469.2200 -648.4100 32 543 -102.2100 -702.1899
-6.9214337612e-01 -1.5741684901e+00 -3.0207276297e+00
145 175 173
5 18 1860 -346.3800 -787.8600 33 2414 -305.5300 -466.0100 84 2551 -351.9400 -560.9500 15 1939 -469.2200 -648.4100 32 544 -102.2100 -702.1899
-1.1998354102e+00 -1.5464967959e+00 -2.9603843669e+00
138 164 161
6 18 1861 -608.5900 -785.0800 33 2489 -505.0100 -392.8300 84 1709 -597.6400 -538.8700 15 1951 -686.3600 -631.6400 32 596 -501.3300 -558.9700 85 2707 -410.0600 -263.1801
3.7292096607e-01 -1.5007793514e+00 -3.1487397056e+00
177 219 218
7 18 1910 178.1899 -727.9200 33 2262 138.5500 -567.9800 84 1711 134.3500 -536.7900 15 1954 -14.2400 -624.0699 34 1985 -227.6000 -589.2000 85 1994 -79.2500 -298.5800 80 2248 -263.9200 -585.7900
-1.5698459205e-01 -1.4164399543e+00 -3.1733251987e+00
184 216 214
5 18 2747 -76.2300 -680.5900 33 3849 -63.3700 -463.5200 84 2653 -97.3200 -486.5100 15 1979 -228.5800 -583.2200 32 931 369.2400 -678.5900
-2.5682026910e-01 -1.3597518155e+00 -3.1932096642e+00
169 196 187
7 18 1954 -123.1400 -649.9100 33 2447 -92.8700 -425.9500 84 2687 -139.8100 -457.8400 15 1998 -264.8400 -556.6899 32 571 298.0500 -606.6200 34 2186 -445.8000 -329.8000 85 2737 -202.4000 -246.0100
-2.5684340757e-01 -1.3598301321e+00 -3.1925043396e+00
169 196 187
6 18 1955 -123.1400 -649.9100 33 2448 -92.8700 -425.9500 84 2688 -139.8100 -457.8400 15 1999 -264.8400 -556.6899 32 572 298.0500 -606.6200 85 2738 -202.4000 -246.0100
-1.2071250535e+00 -1.3707820047e+00 -3.1392087779e+00
180 201 192
3 18 1385 -580.4800 -659.6000 33 2556 -453.6800 -317.3800 15 2002 -643.8700 -552.7800
-2.5370671072e-01 -1.3099751666e+00 -3.2110483193e+00
132 163 157
5 18 1968 -120.8100 -622.8300 33 2470 -84.8400 -405.8700 84 1763 -137.6000 -434.9000 15 2015 -260.5000 -535.3900 85 2750 -199.1900 -234.9301
-7.4058633732e-01 -9.7729184961e-01 -2.2912005256e+00
115 91 103
5 18 1957 -489.6500 -649.3900 33 2606 -357.4400 -209.1900 84 2832 -419.2500 -287.1500 15 2078 -583.2700 -356.2800 34 2419 -841.4200 138.8100
-7.0883908254e-01 9.6350447130e-01 -2.7691368817e+00
159 178 186
6 18 1264 -392.0800 523.4100 33 1954 -27.0400 566.9399 84 1494 -280.7200 599.7300 15 2447 -403.4000 348.2500 41 2014 -75.5200 404.7000 42 374 484.5400 370.1400
-7.0446045076e-01 -1.5662428817e+00 -3.0260276850e+00
175 204 206
5 18 1866 -352.4900 -782.7200 33 3858 -308.2300 -461.0200 84 2558 -356.7700 -556.1000 15 2859 -472.6400 -644.4600 32 552 -109.5000 -691.3101
-7.0467146023e-01 -1.5665485019e+00 -3.0273406456e+00
175 204 206
6 18 1867 -352.4900 -782.7200 33 3859 -308.2300 -461.0200 84 2559 -356.7700 -556.1000 15 2860 -472.6400 -644.4600 32 553 -109.5000 -691.3101 34 3459 -730.8300 -296.6300
3.8397605110e-01 -1.5194073879e+00 -3.1403284223e+00
169 209 209
5 18 2639 183.8199 -738.6700 33 3558 141.0500 -577.9100 84 2571 139.4200 -546.6200 15 2888 -9.9700 -632.3500 34 1970 -230.0800 -603.1600
-1.7808696210e+00 -1.5619699367e+00 -3.0122742933e+00
138 164 138
4 18 2557 -881.3700 -774.1801 33 4123 -705.7300 -325.6899 15 2895 -908.2100 -631.1400 32 2059 -879.1000 -433.2100
-9.4035490867e-01 -1.5244421111e+00 -3.0672653356e+00
139 165 152
5 18 2610 -462.4500 -750.3600 33 3970 -386.5400 -411.8600 84 2600 -461.3100 -527.3900 15 2907 -560.8100 -622.2800 32 1028 -271.3800 -591.9000
-9.4035490867e-01 -1.5244421111e+00 -3.0672653356e+00
139 165 152
5 18 2611 -462.4500 -750.3600 33 3971 -386.5400 -411.8600 84 2601 -461.3100 -527.3900 15 2908 -560.8100 -622.2800 32 1029 -271.3800 -591.9000
-5.5304582412e-02 -1.4845205312e+00 -3.1386927249e+00
177 215 215
6 18 2666 -28.2500 -720.8300 33 3739 -33.0100 -505.3700 84 2610 -54.3500 -522.2900 15 2919 -191.0400 -613.1700 32 498 443.3800 -769.0699 93 2811 116.2600 -155.9000
-6.7472479432e-02 -1.4672539888e+00 -3.1488863720e+00
172 208 206
6 18 2689 -33.5800 -710.0800 33 3763 -35.0200 -496.0500 84 4134 -59.4100 -513.4800 15 2934 -194.7800 -605.5400 32 865 435.2700 -749.0000 34 3228 -413.2400 -433.7400
-6.8571131667e-02 -1.4572935900e+00 -3.1579047610e+00
146 175 173
6 18 2693 -34.4900 -703.8900 33 3776 -33.5500 -491.2300 84 4157 -59.5100 -508.0900 15 2944 -193.9300 -600.5200 32 513 434.9900 -738.7600 34 3232 -407.9600 -428.6700
4.1529413115e-02 -1.4328391854e+00 -3.1705368896e+00
122 159 155
5 18 2732 18.1500 -689.3700 33 3773 13.3199 -494.6000 15 2961 -148.0500 -590.4700 34 2095 -350.4500 -449.8600 35 2875 -422.6300 -736.9800
-1.4298904469e-01 -1.4212610594e+00 -3.1702519780e+00
147 179 176
6 18 2741 -69.6600 -684.3500 33 3841 -57.8900 -466.2400 84 2648 -91.5600 -489.0500 15 2977 -222.4400 -584.1300 32 922 379.1000 -687.6500 34 2152 -424.2800 -389.8199
1.9032073882e-01 -1.4065784748e+00 -3.2131269736e+00
134 172 172
5 18 2763 89.0100 -669.3800 33 2364 77.6801 -500.2200 84 2652 53.3600 -486.5200 15 2984 -85.3800 -580.5500 85 2694 -112.2500 -268.9301
-1.2985732377e-01 -1.4089184681e+00 -3.1764948782e+00
181 211 209
4 18 2748 -63.8100 -676.9800 33 3850 -50.2800 -462.5900 15 2988 -217.0700 -579.0100 34 3304 -413.5000 -387.9301
-5.9044439859e-01 -1.3998698944e+00 -3.0806461147e+00
169 204 208
5 18 2731 -291.2300 -690.2200 33 6172 -237.4200 -405.3400 84 4239 -294.3800 -475.3600 15 2996 -411.6900 -571.1400 32 1048 24.5601 -572.4700
-1.2636894656e+00 -1.4125997488e+00 -3.0626368198e+00
187 214 208
4 18 1925 -621.2800 -695.2500 33 4116 -492.2500 -327.8900 15 2999 -683.3500 -570.3900 32 1123 -477.2100 -430.2400
1.1044242094e-01 -1.3838765390e+00 -3.2257201289e+00
164 210 208
6 18 2780 50.9200 -655.5800 33 2397 49.0601 -480.3101 84 4240 19.2100 -473.7900 15 3000 -116.2800 -569.9100 34 2099 -293.5400 -447.2100 93 2846 121.6200 -101.5200
9.7014909062e-02 -1.3812863712e+00 -3.2266819755e+00
128 173 170
5 18 2784 45.0900 -653.6600 33 2401 44.0500 -477.4600 84 2671 13.1500 -472.8000 15 3007 -121.3500 -568.5300 34 2107 -298.6200 -441.8900
1.1525430005e-01 -1.3721458707e+00 -3.2362332834e+00
130 169 168
5 18 2790 52.9200 -648.4900 33 3818 53.4399 -475.4200 84 2675 20.8000 -468.6200 15 3018 -113.7700 -564.7200 34 2102 -285.1900 -442.7700
-3.2469953340e-01 -1.3653840159e+00 -3.1924097459e+00
127 157 149
5 18 2786 -155.6500 -652.0200 33 3950 -119.8500 -420.0300 84 2685 -170.1800 -459.2000 15 3031 -291.6800 -558.2100 34 3436 -474.7600 -314.6100
-1.8442738588e-01 -1.3452361099e+00 -3.1993365586e+00
137 166 162
6 18 2798 -88.5800 -642.2200 33 3929 -62.9500 -429.1100 84 2694 -107.7900 -452.4100 15 3045 -234.7400 -550.8000 32 1008 357.6500 -611.0200 34 3363 -411.3500 -343.3800
-3.4346677840e-01 -1.3191599480e+00 -3.2052317191e+00
173 198 194
4 18 2818 -164.2000 -627.9500 33 4012 -120.1200 -398.4100 15 3069 -296.5900 -539.0900 85 2753 -218.1300 -233.9800
2.1020190198e-01 -1.2974931017e+00 -3.2262706210e+00
145 177 176
5 18 4091 98.3400 -615.6100 33 3865 98.0800 -458.3700 84 4345 64.2700 -437.5200 15 3073 -76.1400 -535.7900 32 562 683.4500 -661.7800
-1.0109581460e+00 -8.8546981680e-01 -2.4213066106e+00
181 177 176
5 18 1996 -629.5700 -556.9800 33 2656 -439.9600 -131.5000 84 2867 -548.6500 -225.7800 15 3264 -674.6900 -318.8000 32 1263 -354.7900 28.8000
-8.2999781448e-01 -8.5210549024e-01 -2.4462769126e+00
182 169 195
4 18 1066 -513.7700 -533.2400 33 2650 -352.2500 -141.4200 15 3269 -586.2100 -305.4399 85 2851 -348.6800 -167.4200
-9.1571396242e-01 -7.0698539935e-01 -2.5193598643e+00
155 140 161
8 18 2046 -550.9700 -431.7200 33 2689 -355.7900 -67.2800 84 2899 -474.4300 -135.3000 15 3307 -601.3900 -245.5200 32 714 -179.4500 153.6500 85 2891 -359.4300 -128.9800 35 3382 -745.8500 -125.4200 41 2333 -707.8800 -289.7600
-9.9229197809e-01 -3.3321051861e-01 -2.6628764653e+00
197 207 219
6 18 1110 -565.9700 -198.0600 33 2733 -314.5500 92.8400 15 3405 -586.4100 -101.5000 43 403 -293.5900 -632.1700 92 1177 -292.1700 -27.1100 93 1356 -256.2200 -49.3300
-8.8662040667e-01 -2.6060133007e-01 -2.6266568129e+00
175 191 180
6 18 2118 -515.0000 -160.0500 33 2743 -266.4900 114.5600 84 1907 -425.4000 80.8600 15 3425 -545.3000 -68.9900 32 754 -16.5601 492.9399 43 749 -189.3500 -572.1200
-3.0095460158e-01 3.9621067447e-02 -2.0737916681e+00
112 138 85
4 18 2147 -228.5600 7.5400 33 2786 -16.5200 258.3000 84 3073 -132.8200 296.9000 15 3583 -359.2400 144.5800
-7.2310107309e-01 8.4617726552e-01 -2.7571360391e+00
162 189 218
3 18 3358 -401.9000 460.1000 33 4605 -47.6000 525.8600 15 3707 -414.4600 312.7800
-9.9988626513e-01 7.4408140450e-01 -2.5629736163e+00
155 132 150
4 18 2323 -594.7500 429.3700 33 2933 -188.3900 549.0900 15 3708 -546.9700 313.8101 85 3190 -336.3300 203.7800
-7.5906418736e-01 -1.5710195019e+00 -3.0334504708e+00
187 212 214
6 18 3610 -377.7600 -782.3800 33 5958 -328.9500 -455.5500 84 4000 -382.0800 -556.7800 15 4319 -495.2000 -646.1000 32 1619 -151.9600 -680.4000 34 7628 -749.5700 -284.0500
-5.2879205889e-01 -1.5588702370e+00 -3.0076191744e+00
142 169 168
5 18 3601 -267.1800 -785.0500 33 5855 -241.2800 -482.2500 84 3992 -275.2700 -557.9100 15 4333 -402.2300 -643.3800 32 877 31.7600 -734.9500
-7.4487673045e-01 -1.5576149372e+00 -3.0377982740e+00
144 172 173
4 18 5190 -370.5800 -775.1000 33 5976 -321.2700 -451.4800 84 6138 -374.4100 -550.2000 15 4344 -488.0300 -640.2300
-1.2032923553e+00 -1.5581568460e+00 -2.9520722780e+00
183 209 200
5 18 3576 -611.9700 -792.7000 33 6192 -509.2100 -397.1899 84 4044 -600.6500 -545.2100 15 4352 -690.0100 -637.2000 32 1843 -510.1400 -568.6600
-9.3434532672e-01 -1.5020445767e+00 -3.0818151773e+00
188 215 210
5 18 3768 -458.1100 -736.3800 33 6177 -379.7500 -403.3800 84 4130 -456.0100 -515.4700 15 4421 -554.0100 -612.2400 32 1833 -258.2100 -573.6801
-3.7847831967e-02 -1.4745714132e+00 -3.1478545239e+00
169 204 200
6 18 3842 -19.2800 -713.9000 33 5775 -24.2300 -502.9000 84 6285 -46.1400 -517.0200 15 4428 -183.0200 -608.6500 32 1447 458.6200 -763.5100 34 4942 -403.2200 -446.2300
-5.7967815144e-01 -1.4816267989e+00 -3.0394121872e+00
173 200 198
5 18 3754 -288.9100 -739.3199 33 6020 -247.8900 -441.7100 84 4128 -294.7300 -517.1100 15 4430 -416.0700 -607.3000 32 1691 10.5601 -649.0100
-4.5592284422e-01 -1.4463883881e+00 -3.0409708574e+00
141 175 184
5 18 3804 -228.4100 -722.6801 33 6015 -195.2200 -443.1000 84 4168 -236.2700 -503.0300 15 4477 -363.6000 -593.3199 32 963 119.2600 -650.0800
-4.5077073400e-01 -1.4361476893e+00 -3.0556289318e+00
166 205 205
5 18 2683 -224.1700 -714.3199 33 3908 -190.2600 -438.8000 84 4187 -233.1700 -497.1300 15 4484 -359.7700 -588.5500 32 982 126.3199 -640.6100
-6.4024481397e-02 -1.4034393316e+00 -3.1784334832e+00
177 212 213
6 18 3959 -32.1300 -674.5200 33 5904 -24.1600 -468.8800 84 6439 -56.6100 -482.6200 15 4522 -189.1500 -576.4200 32 1595 446.2700 -690.8000 34 5069 -384.3400 -404.2000
-2.4101858868e-01 -1.3834756634e+00 -3.1843566132e+00
179 211 207
5 18 5695 -116.1700 -662.5200 33 8654 -90.0200 -437.9500 84 9406 -133.0900 -469.1801 15 4538 -260.6500 -567.4301 32 3051 306.6600 -630.4800
-1.5881283425e-01 -1.3741130564e+00 -3.1877850687e+00
173 203 195
4 18 5717 -77.1400 -657.7700 33 6010 -57.5600 -444.4000 84 4263 -97.3900 -466.8300 15 4549 -226.0800 -563.3700
2.0003314265e-01 -1.2927249820e+00 -3.2329907073e+00
179 212 211
4 18 2841 92.8800 -612.5400 33 3870 95.1801 -454.3400 84 2717 59.3600 -435.1899 15 4622 -78.5700 -531.9100
-9.3908184261e-01 -7.1580359802e-01 -2.5195714707e+00
210 195 216
5 18 2980 -564.5800 -436.5500 33 6775 -366.7600 -68.1700 84 2898 -487.2700 -139.2200 15 5036 -611.8100 -249.1500 32 1285 -203.8400 150.0800
-9.6227663001e-01 -7.0804773295e-01 -2.5280317069e+00
199 183 209
4 18 4356 -576.4900 -430.5200 33 6781 -373.9800 -62.5200 15 5039 -619.3200 -246.1500 32 2432 -220.9500 159.2900
-9.4261120292e-01 -7.0523690157e-01 -2.5264550379e+00
162 147 170
4 18 2049 -565.0400 -429.3101 33 4364 -365.5400 -63.1800 84 2903 -487.6400 -133.4200 15 5041 -611.5200 -245.0000
-8.4465236798e-01 -3.5039702190e-01 -2.6096416895e+00
195 209 220
5 18 3065 -493.2300 -212.2100 33 9693 -263.1600 73.8100 84 7399 -410.5600 37.8100 15 5183 -535.1800 -103.0200 32 2482 -5.9301 420.2200
-1.0106909340e+00 7.5294756890e-01 -2.5665614824e+00
232 228 241
3 18 2330 -600.4400 433.9700 33 7121 -191.0500 552.7500 15 5518 -550.1300 316.0300
4.3740966957e-01 -1.5744615059e+00 -3.1048547698e+00
141 183 182
5 18 5197 211.4399 -773.6200 33 7734 156.0500 -612.0500 84 8782 164.3400 -575.9900 15 6271 11.2600 -658.6500 34 6493 -229.7300 -652.7000
-5.5138536982e-01 -1.5647983196e+00 -3.0126357365e+00
139 165 164
6 18 5148 -277.6600 -786.4900 33 8410 -250.7600 -481.4200 84 6094 -286.2000 -560.0300 15 6334 -410.7600 -645.4500 32 1504 12.3800 -733.0900 93 4286 41.1500 -274.0100
1.8962244719e-01 -1.5265407202e+00 -3.1229035007e+00
117 163 160
5 18 5327 90.3600 -745.9399 33 8001 60.1300 -556.4800 15 6406 -91.6900 -634.1899 34 6809 -326.6900 -542.6300 39 5800 -412.3900 -109.3500
4.3417216663e-01 -1.5195596328e+00 -3.1343595186e+00
151 191 191
3 18 5347 208.3101 -740.0900 33 7850 161.5300 -585.9000 15 6421 10.9800 -632.9700
1.2998702529e-02 -1.5191525350e+00 -3.1177118044e+00
116 155 156
3 18 5335 4.3700 -742.3600 33 8132 -10.9600 -529.9600 15 6443 -165.2500 -629.4700
-4.7024011383e-01 -1.4941715643e+00 -3.0212544412e+00
134 165 169
5 18 3717 -236.9100 -750.1899 33 8524 -209.0400 -462.2000 84 6232 -245.0800 -526.6200 15 6529 -374.0200 -614.7000 32 1593 95.9399 -691.3600
2.7590597209e-01 -1.4483513714e+00 -3.1858230851e+00
183 219 213
4 18 5560 130.2500 -694.5800 33 8127 106.2700 -530.6100 84 6323 91.1400 -508.7800 15 6619 -52.4399 -599.5000
-6.9162927533e-01 -1.4642393990e+00 -3.0610479966e+00
183 209 208
5 18 3794 -342.6400 -724.8300 33 6112 -286.5200 -419.5699 84 6345 -344.0100 -504.5400 15 6631 -457.6100 -598.1801 32 3142 -70.9700 -603.5800
-7.2795864987e-01 -1.4076840804e+00 -3.0881791384e+00
140 164 165
7 18 3905 -357.3400 -691.3400 33 6220 -289.4900 -390.7800 84 6471 -357.3800 -476.0300 15 6763 -466.4700 -573.1600 32 1890 -81.4500 -545.5000 34 7853 -670.2700 -220.9500 92 3232 -62.0500 -242.7800
8.4720260051e-02 -1.3684808293e+00 -3.2385080735e+00
159 200 196
4 18 4031 38.6000 -646.0300 33 8481 41.5500 -470.2700 84 9418 7.9100 -466.0699 15 6811 -125.6400 -562.9399
-6.8467092305e-01 -1.2491347806e+00 -3.2327812416e+00
180 208 211
5 18 4146 -322.1500 -588.2700 33 6381 -237.0100 -329.5000 84 6764 -322.1100 -396.6500 15 7051 -423.7200 -507.2300 32 2070 1.0100 -424.3101
-6.8390516662e-01 -8.5172340843e-01 -2.3572998512e+00
189 175 198
3 18 4201 -441.2500 -553.5800 33 9454 -301.4000 -157.9100 15 7617 -536.6100 -300.0900
8.1374580116e-01 4.6301309054e-02 -1.9655826254e+00
145 141 126
4 18 3119 610.3101 8.6800 33 4444 606.9399 128.5200 84 7558 525.9200 276.1200 15 8302 176.2700 176.8400
-3.0351839773e-01 7.8221418100e-01 -2.5205793243e+00
171 155 128
3 18 4872 -187.4000 460.5000 33 7103 107.4301 512.4100 15 8488 -283.4200 341.7200
-8.4856595504e-01 1.1114498135e+00 -2.5675322175e+00
250 243 254
4 18 3506 -504.6600 646.1899 33 7178 -79.9900 680.4299 84 5245 -351.0700 717.8700 15 8565 -472.4300 436.4000
1.5346508288e-01 1.0389548451e+00 -2.4107705948e+00
144 172 98
3 18 6978 92.8700 642.0400 33 10081 347.1000 604.5900 15 8578 -105.3400 459.0200
-3.8876487328e+00 2.2162822459e+00 -6.0279287002e+00
63 26 18
2 18 152 -985.1400 582.6500 33 218 -471.7200 591.2900
-8.9984273490e-01 -3.0118361107e-01 -2.6390708388e+00
124 131 77
5 18 270 -518.0700 -181.4800 33 340 -276.3000 98.8800 84 242 -433.2100 61.5100 85 658 -338.6800 -34.4700 43 59 -204.3100 -608.8101
2.8170705067e-02 1.3856024349e-01 -2.5053174823e+00
139 131 144
3 18 281 12.4200 70.9700 33 356 176.0000 201.8000 85 669 -120.0900 23.0100
-8.6325672515e-01 9.1256401999e-01 -2.5644030773e+00
171 141 130
2 18 492 -513.9900 529.5400 33 740 -111.5700 604.0200
-9.6079977549e-01 -9.9869405663e-01 -2.3184048247e+00
126 103 112
2 18 533 -623.4300 -653.0000 33 578 -455.0500 -188.8000
-1.0503283187e+00 -9.6179311085e-01 -2.3707853930e+00
192 189 210
3 18 537 -665.7800 -615.5601 33 821 -477.9000 -160.1300 85 1090 -406.5600 -188.8400
-8.6761985379e-01 -8.2944313688e-01 -2.4803960724e+00
138 115 113
3 18 552 -530.6600 -512.2600 33 826 -358.0700 -126.7400 85 1104 -354.2600 -159.8100
-9.8697069015e-01 -7.1643780260e-01 -2.5306815555e+00
186 170 196
2 18 564 -590.3200 -434.9399 33 841 -385.1500 -62.9200
-3.1467583104e+00 1.6303202495e+00 -5.5652408679e+00
201 157 137
3 18 663 -863.7200 465.4299 33 697 -408.0900 493.4299 84 712 -798.9700 432.4700
-9.2591412133e-01 -2.5510322508e-01 -2.6437782235e+00
159 179 177
3 18 818 -533.4500 -155.1000 33 865 -279.4400 120.8500 84 651 -443.2500 83.6100
-7.5481992673e-01 8.6431871934e-01 -2.7758564108e+00
95 113 139
4 18 917 -416.2500 467.2200 33 997 -56.4000 531.1899 84 1070 -304.0900 558.4900 42 279 358.0100 313.3201
-3.3937768354e+00 1.8009322857e+00 -5.6867882328e+00
73 32 26
2 18 927 -911.5400 502.8900 33 996 -436.0500 526.9200
-9.4258502070e-01 8.9626661015e-01 -2.5944393326e+00
157 138 158
3 18 933 -554.0600 513.9200 33 1386 -142.5200 597.3600 84 1091 -403.0600 621.1300
-9.0332160845e-01 9.0305269976e-01 -2.5719424396e+00
232 226 241
2 18 935 -536.2100 522.3201 33 1018 -128.0700 601.8101
-8.6403172724e-02 1.1157984329e+00 -2.3144581864e+00
118 118 90
2 18 1004 -62.4500 716.0500 33 1412 245.8500 684.3500
1.3089905000e+00 -1.1788879343e+00 -2.4913896846e+00
147 145 120
2 18 1024 781.2900 -724.8400 33 1068 652.4100 -624.5800
1.3087747338e+00 -1.1779876627e+00 -2.4902924825e+00
147 145 120
3 18 1025 781.2900 -724.8400 33 1069 652.4100 -624.5800 93 1915 453.5601 164.1300
3.4677142023e-01 -1.4425999234e+00 -3.1763607878e+00
153 186 183
4 18 1027 164.5500 -693.8700 33 1086 135.5200 -538.1000 84 1179 122.7700 -507.9200 34 906 -216.1900 -549.3600
3.4671589557e-01 -1.4417012259e+00 -3.1751090940e+00
153 186 183
3 18 1028 164.5500 -693.8700 33 1087 135.5200 -538.1000 84 1180 122.7700 -507.9200
-1.0597423363e+00 -1.0573784883e+00 -2.3221950039e+00
131 105 131
2 18 1029 -683.9500 -687.6200 33 1128 -507.4200 -203.1600
-1.0560051327e+00 -1.0382471936e+00 -2.3235414867e+00
177 152 182
3 18 1034 -681.5200 -675.3900 33 1132 -503.6100 -194.3100 32 256 -496.4500 -100.3400
-1.2559387166e-01 -1.3906230993e+00 -3.1859750737e+00
141 173 162
5 18 1035 -61.3000 -666.3600 33 1098 -45.6600 -455.0699 84 1181 -83.7700 -474.9200 34 929 -403.9700 -380.6100 85 1620 -176.9800 -257.0699
-9.8707583684e-01 -9.5851270158e-01 -2.3572835007e+00
178 163 183
5 18 1043 -630.5300 -617.6500 33 1686 -453.3100 -166.8500 84 1210 -550.0200 -267.3199 32 264 -380.7900 -38.1400 85 1656 -393.0700 -191.4200
-8.5410380789e-01 -8.4769062810e-01 -2.4746715778e+00
195 184 209
3 18 1069 -522.5000 -524.1000 33 1154 -357.2500 -136.3100 85 1668 -352.3000 -165.2600
-3.8939045892e-01 -7.8059793198e-01 -2.4327431609e+00
78 97 56
3 18 1073 -247.8900 -495.5200 33 818 -145.4600 -165.9100 84 865 -203.8800 -187.5300
-4.7426725878e-01 -6.2634893686e-01 -2.5004955509e+00
98 113 70
2 18 1087 -291.8500 -389.7000 33 1172 -155.0600 -85.0200
-9.3290057300e-01 -3.8810064688e-01 -2.6122035969e+00
124 141 125
3 18 1103 -543.4700 -233.7000 33 1195 -304.4900 68.0700 84 1293 -456.4100 21.9100
-2.3109722602e-01 -4.8323633109e-02 -2.0803294842e+00
126 131 105
2 18 1132 -177.5400 -56.1200 33 1228 6.7400 203.9300
-2.3109722602e-01 -4.8323633109e-02 -2.0803294842e+00
126 131 105
2 18 1133 -177.5400 -56.1200 33 1229 6.7400 203.9300
-7.3883118491e-01 8.2910982198e-01 -2.7652528202e+00
162 187 212
