# Bundle file v0.3
96 9302
1.5840098671e+03 -6.9403897085e-04 -1.6054491079e-02
7.7438979851e-01 5.0481813842e-01 -3.8141720870e-01
-4.2532158997e-01 8.6164631693e-01 2.7688837033e-01
4.6842500475e-01 -5.2194555661e-02 8.8196017103e-01
-1.7809931672e+00 9.2422553826e-01 2.1532268116e-01
1.5853956384e+03 2.5850056307e-02 -6.4937626680e-02
9.9316342756e-01 9.3300380407e-02 -7.0153012526e-02
-7.4849845063e-02 9.7016192086e-01 2.3061515129e-01
8.9576262729e-02 -2.2378759198e-01 9.7051285763e-01
-4.5584989438e-01 1.0793998084e+00 7.8816164662e-01
0 0 0
0 0 0
0 0 0
0 0 0
0 0 0
1.5974020649e+03 -4.0320447221e-02 3.4846008244e-02
7.3051818237e-01 4.9279706594e-01 -4.7275177105e-01
-3.6622896555e-01 8.6701895520e-01 3.3786754227e-01
5.7638488011e-01 -7.3682990790e-02 8.1384967092e-01
-1.6879058916e+00 1.6323031018e+00 -7.8105587555e-01
1.5835128225e+03 -8.5504288012e-04 -1.7726256459e-02
4.7131856098e-01 5.6969560812e-01 -6.7327982902e-01
-4.3044155421e-01 8.1488066599e-01 3.8818754309e-01
7.6979145389e-01 1.0684762182e-01 6.2928904585e-01
-2.8924256893e+00 1.6905228001e+00 -4.4269114587e-01
1.6110513327e+03 -5.9621020224e-02 7.3580944372e-02
5.4345449796e-01 6.1492268774e-01 -5.7142567037e-01
-5.8516043313e-01 7.6558205094e-01 2.6734133756e-01
6.0186749052e-01 1.8908784039e-01 7.7588743544e-01
-3.2763661321e+00 2.4324432844e+00 3.7860061309e-01
0 0 0
0 0 0
0 0 0
0 0 0
0 0 0
0 0 0
0 0 0
0 0 0
0 0 0
0 0 0
0 0 0
0 0 0
0 0 0
0 0 0
0 0 0
0 0 0
0 0 0
0 0 0
0 0 0
0 0 0
0 0 0
0 0 0
0 0 0
0 0 0
0 0 0
0 0 0
0 0 0
0 0 0
0 0 0
0 0 0
1.6135955049e+03 -2.2007249052e-02 2.3858019995e-02
3.2394053175e-01 7.6554633357e-01 -5.5587889242e-01
-5.7118057651e-01 6.2664997301e-01 5.3015333664e-01
7.5419843603e-01 1.4576907246e-01 6.4026252163e-01
-2.6504601796e+00 2.4813835537e+00 -8.8040335616e-01
1.6129249560e+03 -2.2287413542e-02 2.6192420026e-02
3.0793929953e-01 7.8021187982e-01 -5.4446561912e-01
-6.9416366341e-01 5.7560256070e-01 4.3222505771e-01
6.5062292935e-01 2.4484916726e-01 7.1884538608e-01
-2.6325846377e+00 3.0186068320e+00 -2.6779141506e-01
1.6029148937e+03 -3.5979769947e-02 3.6568611253e-02
7.3157155713e-01 5.2010523050e-01 -4.4078748395e-01
-3.4587815363e-01 8.4029770956e-01 4.1745426353e-01
5.8751285912e-01 -1.5293890451e-01 7.9463094066e-01
-1.9130282781e+00 1.4836576960e+00 -2.4753768692e+00
1.6005365369e+03 -3.0282892399e-02 2.1049186646e-02
9.9702952071e-01 1.5945431261e-02 -7.5351695811e-02
8.1815459513e-03 9.5087300025e-01 3.0947310013e-01
7.6584575115e-02 -3.0917031005e-01 9.4791799341e-01
-6.4515762762e-01 8.7870245881e-01 -1.4783426052e+00
1.5971588829e+03 -5.0132500998e-03 -7.9582381132e-03
-5.0614671962e-02 8.0747763942e-01 -5.8772273804e-01
-7.5548000465e-01 3.5393864025e-01 5.5134145637e-01
6.5321368445e-01 4.7191874383e-01 5.9211872262e-01
-2.0931209031e+00 2.6362320365e+00 -3.0631992866e+00
1.6312233333e+03 -2.6782236222e-02 -2.9219152534e-03
6.9100687988e-01 5.2791798795e-01 -4.9377331840e-01
-6.9780299461e-01 6.6543178730e-01 -2.6508775369e-01
1.8862786823e-01 5.2773396181e-01 8.2820069602e-01
-2.1965134279e+00 -7.0378448965e-01 -1.4773058725e+00
1.6010623508e+03 -2.4107453876e-02 -2.6540591260e-03
9.9979680329e-01 2.3234679147e-03 -2.0023826475e-02
-3.0225990947e-03 9.9938429068e-01 -3.4955735336e-02
1.9930279089e-02 3.5009156445e-02 9.9918824199e-01
-7.1036568434e-02 -1.4776665429e-01 -2.2312260670e-01
0 0 0
0 0 0
0 0 0
0 0 0
0 0 0
0 0 0
0 0 0
0 0 0
0 0 0
0 0 0
0 0 0
0 0 0
0 0 0
0 0 0
0 0 0
0 0 0
0 0 0
0 0 0
0 0 0
0 0 0
0 0 0
0 0 0
0 0 0
0 0 0
0 0 0
0 0 0
0 0 0
0 0 0
0 0 0
0 0 0
0 0 0
0 0 0
0 0 0
0 0 0
0 0 0
0 0 0
0 0 0
0 0 0
0 0 0
0 0 0
0 0 0
0 0 0
0 0 0
0 0 0
0 0 0
0 0 0
0 0 0
0 0 0
0 0 0
0 0 0
0 0 0
0 0 0
0 0 0
0 0 0
0 0 0
0 0 0
0 0 0
0 0 0
0 0 0
0 0 0
0 0 0
0 0 0
0 0 0
0 0 0
0 0 0
1.5868896634e+03 -9.8351983925e-03 -1.6998234212e-02
9.5388233982e-01 2.5859772023e-01 -1.5243261089e-01
-2.2511599368e-01 9.5217208797e-01 2.0661825739e-01
1.9857308771e-01 -1.6277448814e-01 9.6647462194e-01
5.0700421015e-01 1.1334391375e+00 8.6103659391e-01
1.5968387256e+03 -3.7375143665e-02 4.2066564040e-02
9.4952721372e-01 2.7736901165e-01 -1.4650768509e-01
-2.5733026230e-01 9.5585510048e-01 1.4185261012e-01
1.7938563632e-01 -9.6992052610e-02 9.7898587079e-01
-7.6031913102e-02 6.3395022254e-01 -9.8534024046e-01
1.5953710020e+03 -1.3122155641e-02 -1.0201659874e-02
8.3274852797e-01 4.9762306341e-01 -2.4269564464e-01
-4.2149171477e-01 8.5404261100e-01 3.0488678714e-01
3.5899111904e-01 -1.5159981976e-01 9.2094672544e-01
-7.3042373999e-01 1.4220220555e+00 -2.1478431733e-01
1.5932449026e+03 -1.8419675877e-02 3.3788541710e-03
7.2998675896e-01 5.5395062267e-01 -4.0032241928e-01
-5.2152271878e-01 8.3004408444e-01 1.9758763039e-01
4.4173904688e-01 6.4540882574e-02 8.9481902580e-01
-1.3803682805e+00 3.4488560286e-01 -3.5566594447e-01
1.6038627845e+03 -4.4427275058e-02 2.9290708905e-02
4.4600303495e-01 7.0622817384e-01 -5.4983912129e-01
-6.6323305278e-01 6.7328923349e-01 3.2680808705e-01
6.0100183903e-01 2.1891408028e-01 7.6868290923e-01
-1.9016003814e+00 1.6696631949e+00 -5.4896234563e-01
1.5984599113e+03 -2.2929061546e-02 3.8580809803e-04
6.7586567085e-01 5.9590234449e-01 -4.3371187532e-01
-5.5498628216e-01 7.9869925376e-01 2.3252898456e-01
4.8496991822e-01 8.3545783072e-02 8.7053103365e-01
-2.7405533627e+00 1.6871491929e+00 -1.1173164624e-01
1.6000913544e+03 -2.1634625619e-02 -2.7876134063e-03
6.7552928808e-01 5.9640379921e-01 -4.3354664020e-01
-5.5569244059e-01 7.9827731514e-01 2.3229128182e-01
4.8462985093e-01 8.3999026373e-02 8.7067678915e-01
-2.7370289105e+00 1.6941293800e+00 -1.1146520942e-01
1.5938362232e+03 -2.5600985072e-02 6.4997072184e-03
4.7757175445e-01 6.8522485546e-01 -5.4990191563e-01
-6.4713865452e-01 6.9767535230e-01 3.0734453731e-01
5.9425312887e-01 2.0908371590e-01 7.7662553304e-01
-1.6001705662e+00 1.9642101135e+00 -6.0000453148e-01
1.5967182239e+03 -1.2915028194e-02 -5.0448071908e-03
6.2471796065e-01 6.0922146795e-01 -4.8844311095e-01
-5.1215969522e-01 7.9186765530e-01 3.3262300444e-01
5.8942337605e-01 4.2365309842e-02 8.0671262807e-01
-2.6653486966e+00 5.4412704062e-01 -6.9821354512e-01
1.5936712283e+03 -2.1795367395e-02 1.2832204875e-02
7.2330962048e-01 5.3854722765e-01 -4.3219217545e-01
-5.6424729405e-01 8.2175392137e-01 7.9658545445e-02
3.9805550377e-01 1.8624547323e-01 8.9825633291e-01
-1.3802492572e+00 -3.0747693234e-01 -2.4863253457e-01
0 0 0
0 0 0
0 0 0
0 0 0
0 0 0
1.6084706692e+03 -4.8765004285e-03 -3.0425143344e-02
9.8096652355e-01 6.5938491397e-02 1.8263842701e-01
-8.4426203695e-02 9.9185543044e-01 9.5367820747e-02
-1.7486250541e-01 -1.0897210862e-01 9.7854390997e-01
1.1830041736e+00 -2.2703936497e-01 6.1241457769e-01
1.5976705457e+03 -1.5697382974e-02 1.1593158067e-01
6.2666981811e-01 -5.9368404778e-01 5.0480113954e-01
5.5743902479e-01 7.9416885241e-01 2.4198670937e-01
-5.4456099081e-01 1.2975008779e-01 8.2862430691e-01
2.1252941688e+00 5.9949553019e-01 2.0728268299e-01
0 0 0
0 0 0
0 0 0
0 0 0
0 0 0
0 0 0
0 0 0
0 0 0
0 0 0
0 0 0
0 0 0
0 0 0
0 0 0
0 0 0
0 0 0
0 0 0
0 0 0
0 0 0
0 0 0
0 0 0
0 0 0
0 0 0
0 0 0
0 0 0
0 0 0
0 0 0
0 0 0
0 0 0
0 0 0
0 0 0
0 0 0
0 0 0
0 0 0
0 0 0
0 0 0
0 0 0
0 0 0
0 0 0
0 0 0
0 0 0
0 0 0
0 0 0
0 0 0
0 0 0
0 0 0
0 0 0
0 0 0
0 0 0
0 0 0
0 0 0
0 0 0
0 0 0
0 0 0
0 0 0
0 0 0
0 0 0
0 0 0
0 0 0
0 0 0
0 0 0
0 0 0
0 0 0
0 0 0
0 0 0
0 0 0
0 0 0
0 0 0
0 0 0
0 0 0
0 0 0
0 0 0
0 0 0
0 0 0
0 0 0
0 0 0
0 0 0
0 0 0
0 0 0
0 0 0
0 0 0
0 0 0
0 0 0
0 0 0
0 0 0
0 0 0
0 0 0
0 0 0
0 0 0
0 0 0
0 0 0
0 0 0
0 0 0
0 0 0
0 0 0
0 0 0
0 0 0
0 0 0
0 0 0
0 0 0
0 0 0
0 0 0
0 0 0
0 0 0
0 0 0
0 0 0
0 0 0
0 0 0
0 0 0
0 0 0
0 0 0
0 0 0
0 0 0
0 0 0
0 0 0
0 0 0
0 0 0
0 0 0
0 0 0
0 0 0
0 0 0
0 0 0
0 0 0
0 0 0
0 0 0
0 0 0
0 0 0
0 0 0
0 0 0
0 0 0
0 0 0
0 0 0
0 0 0
0 0 0
0 0 0
0 0 0
0 0 0
0 0 0
0 0 0
0 0 0
0 0 0
0 0 0
0 0 0
0 0 0
0 0 0
0 0 0
0 0 0
0 0 0
0 0 0
0 0 0
0 0 0
0 0 0
0 0 0
0 0 0
0 0 0
0 0 0
0 0 0
0 0 0
0 0 0
0 0 0
0 0 0
0 0 0
0 0 0
0 0 0
0 0 0
0 0 0
0 0 0
0 0 0
0 0 0
0 0 0
0 0 0
1.6180564252e+03 -1.8862041177e-02 5.9400972841e-03
3.7207776481e-01 7.5632532201e-01 -5.3808005372e-01
-5.2251028919e-01 6.4979528165e-01 5.5204084055e-01
7.6716434655e-01 7.5750242442e-02 6.3696213871e-01
-2.6506582225e+00 1.8303626760e+00 -3.5798235769e+00
1.6035292124e+03 -3.0073780861e-02 2.1188729575e-02
7.7984569899e-01 4.5973572034e-01 -4.2483379481e-01
-3.2216477968e-01 8.7666547613e-01 3.5730588813e-01
5.3670340087e-01 -1.4177697418e-01 8.3177445807e-01
-1.7754329607e+00 7.7552715111e-01 -2.7767347900e+00
1.6047214039e+03 -3.1253255498e-02 1.8729430064e-02
7.8620982428e-01 4.4880336657e-01 -4.2479365622e-01
-3.1366191991e-01 8.8210499702e-01 3.5143559045e-01
5.3243808298e-01 -1.4306052004e-01 8.3429214032e-01
-1.8269065559e+00 7.6714482479e-01 -2.7493733432e+00
1.6053141504e+03 -3.9177262112e-02 2.9672524438e-02
8.0144746733e-01 4.4734730195e-01 -3.9694124067e-01
-2.9732841844e-01 8.7390612158e-01 3.8455676077e-01
5.1891980951e-01 -1.9018013067e-01 8.3339891361e-01
-1.8015934684e+00 1.6053075942e+00 -1.8885766675e+00
1.5936909460e+03 -6.1272018955e-03 -4.3663141903e-03
4.1567643938e-01 6.5916243409e-01 -6.2667214972e-01
-5.7091528919e-01 7.2546703669e-01 3.8438692906e-01
7.0800341123e-01 1.9799612157e-01 6.7788546638e-01
-2.8121924776e+00 2.4387092420e+00 -1.7526656922e+00
1.6019342567e+03 -4.3584820514e-02 2.9153090172e-02
9.9740846940e-01 5.2972717509e-02 4.8685073319e-02
-5.9232629507e-02 9.8869790508e-01 1.3772417398e-01
-4.0839206237e-02 -1.4025100248e-01 9.8927337755e-01
1.5716707051e-01 7.1454062273e-01 -8.0725151208e-01
1.5989706544e+03 -4.4057978605e-02 6.3232847750e-02
9.8511573284e-01 1.5640979219e-01 -7.1294949497e-02
-1.6726179721e-01 9.6786029545e-01 -1.8780292777e-01
3.9629333980e-02 1.9693254020e-01 9.7961578718e-01
-7.7884346119e-01 -5.4318097111e-01 -4.6182223491e+00
1.5967883159e+03 -2.7664379945e-02 2.2555268632e-02
4.0582673734e-01 7.5002956014e-01 -5.2226460551e-01
-7.4972047146e-01 6.0001275655e-01 2.7911271315e-01
5.2270821108e-01 2.7828106454e-01 8.0581373480e-01
-2.0184011601e+00 8.1969405084e-01 -5.7807177096e+00
1.6096485300e+03 -2.4919573708e-02 1.8462484766e-02
4.1405912651e-01 7.4905048935e-01 -5.1718314373e-01
-7.4788642359e-01 6.0382967638e-01 2.7578183284e-01
5.1886504715e-01 2.7260426689e-01 8.1022587994e-01
-2.0537087482e+00 8.5712681145e-01 -5.8702553121e+00
1.6050002483e+03 -3.4932498860e-02 4.0167710380e-02
4.1511554793e-01 7.4769870954e-01 -5.1829115526e-01
-7.4869322206e-01 6.0441423374e-01 2.7229009035e-01
5.1685350063e-01 2.7500922495e-01 8.1069870178e-01
-2.0375697166e+00 8.7940475048e-01 -5.8474183885e+00
1.5981410500e+03 -3.2073461590e-02 4.1072924447e-02
-3.3097485157e-01 7.7748137014e-01 -5.3476945192e-01
-7.9835362158e-01 7.1416024683e-02 5.9793916608e-01
5.0307767048e-01 6.2483795540e-01 5.9706815939e-01
-1.7675981805e+00 2.1830779513e+00 -5.7406287014e+00
1.5523728794e+03 -1.6720839477e-02 2.0290518616e-02
-9.3010411892e-01 3.3245639059e-01 -1.5613800408e-01
-2.8728053310e-01 -3.9359979476e-01 8.7324057216e-01
2.2885852237e-01 8.5706006203e-01 4.6159703944e-01
-3.4957368368e-02 2.9755074673e+00 -5.7720894301e+00
1.5597683410e+03 -1.7392142218e-02 2.1248378423e-02
-9.2612461219e-01 3.4309516298e-01 -1.5677663043e-01
-2.9224484162e-01 -3.8981454238e-01 8.7329123154e-01
2.3850818697e-01 8.5459366467e-01 4.6128463345e-01
-8.1159446332e-02 2.9988270723e+00 -5.8413198059e+00
1.5788541249e+03 -1.3659624071e-02 4.5729865841e-02
7.1139896466e-01 -5.4871443638e-01 4.3911727407e-01
6.0712898605e-01 7.9454924314e-01 9.2679297229e-03
-3.5398574459e-01 2.6000762975e-01 8.9838194833e-01
9.0070146904e-01 8.1504850774e-01 -2.3855660535e+00
1.5809470998e+03 -1.9921960582e-02 6.1960594264e-02
7.2646128294e-01 -5.3100662269e-01 4.3621780230e-01
5.8650019879e-01 8.0989740246e-01 9.1495522033e-03
-3.5815013781e-01 2.4919503233e-01 8.9979459581e-01
1.0176812851e+00 7.3566635576e-01 -2.3745078624e+00
0 0 0
0 0 0
0 0 0
0 0 0
0 0 0
0 0 0
0 0 0
0 0 0
0 0 0
0 0 0
-4.7109805561e-01 -7.5936690277e-01 -2.4513743623e+00
83 99 57
6 18 382 -291.5200 -481.5800 33 446 -175.1500 -148.6000 84 436 -242.3900 -177.4200 15 565 -417.2000 -268.1000 34 487 -571.5500 140.4500 1 165 -893.3400 -204.1100
-8.2668152317e-01 -3.5907779800e-01 -2.5969102002e+00
125 132 106
7 18 579 -473.6500 -230.5200 33 609 -253.7900 58.9000 84 642 -394.0900 24.2300 15 803 -524.5200 -112.5000 32 219 18.8500 399.3201 34 749 -541.0500 375.8900 1 362 -1035.1899 177.2500
-2.4528501726e-01 -8.1043828646e-01 -2.3901064987e+00
142 165 146
5 18 1442 -163.2200 -526.6600 33 1674 -88.6200 -202.1600 84 1824 -129.5300 -211.2200 15 1418 -327.9900 -288.0699 1 476 -704.0100 -277.6899
-4.4883603813e-01 -7.2743867986e-01 -2.4637807721e+00
94 103 74
6 18 1462 -276.9900 -461.7700 33 1703 -160.3200 -138.9800 84 1243 -229.6600 -163.3800 15 1430 -404.5900 -255.3500 32 274 283.1400 34.1700 1 491 -855.1500 -171.4300
-4.7832944853e-01 -6.3172289365e-01 -2.4935851760e+00
145 163 150
8 18 1086 -291.4200 -401.5400 33 1716 -156.9000 -93.4900 84 1255 -239.9600 -114.4800 15 1448 -409.0900 -216.2200 32 416 275.5900 128.8300 34 1542 -515.6700 199.3200 1 506 -844.5300 -75.7000 41 1236 -561.3000 -428.0000
-7.8171245635e-01 -2.2910306651e-01 -2.6079836587e+00
149 159 122
7 18 1121 -448.9800 -158.0500 33 1791 -217.2400 107.2800 84 1311 -366.4900 83.4600 15 1525 -499.3000 -62.6300 32 458 89.2300 493.1400 34 1645 -478.6000 423.4500 1 578 -964.0000 282.0801
-1.5204137747e-01 -8.0510684531e-01 -2.3911928899e+00
75 93 54
5 18 2008 -106.9600 -524.1200 33 4246 -45.2700 -213.0300 84 4705 -80.5400 -211.3200 15 3275 -286.5700 -286.0601 1 701 -598.4800 -280.8300
-5.0200537825e-01 -6.4203144710e-01 -2.4904182651e+00
141 158 148
3 18 1482 -305.3700 -407.4600 33 2677 -168.9300 -95.0600 1 1046 -871.7500 -83.1800
-1.7495244766e-01 -5.5678697347e-01 -2.1509311798e+00
96 141 86
7 18 4377 -136.4800 -419.3101 33 9555 -42.1300 -83.2500 84 7268 -85.5500 -69.0600 15 7782 -316.9800 -151.5900 34 3883 -462.5900 266.3500 1 1069 -708.4000 76.0900 35 4311 -633.8600 -298.9200
-2.5962606418e-01 -1.3878185339e+00 -3.2151290794e+00
169 196 187
8 18 1954 -123.1400 -649.9100 33 2447 -92.8700 -425.9500 84 2687 -139.8100 -457.8400 15 1998 -264.8400 -556.6899 32 571 298.0500 -606.6200 34 2186 -445.8000 -329.8000 85 2737 -202.4000 -246.0100 14 2772 -452.3600 -300.4399
5.0626167292e-01 -1.5666578397e+00 -3.1483948756e+00
177 218 216
9 18 1883 230.6801 -748.2500 33 2217 178.4600 -598.3900 84 2555 181.8300 -555.9100 15 2867 28.9900 -640.0800 34 1927 -192.0900 -643.3000 14 3661 -348.9700 -475.1400 82 1822 -340.4500 -454.1801 93 2862 231.2500 -72.0000 92 2257 201.5100 -40.7700
-9.6965654782e-01 -1.5569736964e+00 -3.0768803393e+00
139 165 152
7 18 2611 -462.4500 -750.3600 33 3971 -386.5400 -411.8600 84 2601 -461.3100 -527.3900 15 2908 -560.8100 -622.2800 32 1029 -271.3800 -591.9000 34 3571 -787.1700 -219.5200 14 6089 -630.3800 -235.0699
-5.2158037580e-01 -1.2228880983e+00 -3.2698264431e+00
172 204 202
6 18 4188 -238.6500 -564.6100 33 4109 -165.9800 -331.4600 84 4472 -243.3800 -379.0900 32 2069 138.1400 -424.3300 34 3596 -483.5300 -196.5300 14 6126 -457.2400 -223.8000
-9.3893970701e-01 -7.4364752032e-01 -2.5103067055e+00
127 103 116
6 18 172 -552.1600 -459.1200 33 324 -363.0700 -86.5800 84 228 -477.2800 -157.8000 15 300 -605.2500 -264.2500 32 74 -191.9700 114.9600 85 643 -360.9200 -138.9900
-8.0267299111e-01 -3.8638251033e-01 -2.6059152079e+00
132 139 88
3 18 181 -458.9500 -245.9800 33 239 -247.4600 44.2900 15 315 -515.2200 -123.6100
-4.2641838652e-01 -7.5182130829e-01 -2.4442428652e+00
159 181 174
5 18 252 -266.5800 -480.4800 33 445 -155.9000 -151.6700 84 315 -220.3500 -175.5700 15 412 -398.1700 -264.4800 85 845 -254.6200 -164.8300
-3.3497056063e-01 -7.8030043001e-01 -2.4235182537e+00
99 113 78
7 18 380 -214.2700 -501.1899 33 440 -121.6200 -175.9500 84 433 -174.5700 -193.5100 15 564 -362.7500 -275.7800 85 842 -236.3000 -175.6400 93 431 45.3101 -40.0000 92 399 9.1600 -10.4600
-3.8695064749e+00 2.2642179568e+00 -6.1486862152e+00
202 155 135
4 18 504 -946.1300 581.2800 33 737 -445.2400 586.1700 84 536 -870.9200 524.2000 15 659 -767.1600 209.7700
-1.0160645990e+00 -8.9433295896e-01 -2.4169548510e+00
140 127 118
12 18 546 -614.5700 -564.0699 33 823 -432.0100 -139.9700 84 605 -536.9300 -233.0300 15 757 -664.7400 -323.9700 32 138 -336.3600 11.5600 85 1098 -386.5000 -173.5200 35 974 -864.3300 -180.8000 41 925 -822.8200 -350.9000 87 2202 -353.9900 76.5100 88 1610 -350.7100 82.5200 86 1780 -344.4400 69.2100 17 1242 -851.3600 21.6700
-1.0797068417e+00 -8.9266190035e-01 -2.4108748701e+00
141 131 129
5 18 765 -654.4800 -563.8700 33 825 -459.1900 -130.5400 84 606 -571.6200 -229.9399 15 758 -693.2900 -322.8700 32 199 -397.2600 29.0300
-1.0039813017e+00 -7.4060432945e-01 -2.5205156052e+00
131 105 122
6 18 561 -586.6200 -454.9700 33 595 -387.1300 -77.8200 84 438 -507.7500 -154.3500 15 774 -630.4900 -263.6899 32 154 -247.1800 128.1500 85 1107 -373.3700 -135.0800
-3.6359882413e-01 -6.7397602771e-01 -2.4909165744e+00
90 103 85
5 18 566 -224.9500 -426.8199 33 586 -113.4300 -126.2200 84 614 -183.1100 -138.3600 15 777 -362.9000 -233.9100 85 1105 -236.4400 -147.6800
-8.1549280318e-01 -4.9956251088e-01 -2.5655440578e+00
141 161 159
5 18 573 -475.3200 -313.2000 33 602 -272.7400 0.4300 84 448 -397.9800 -41.9800 15 792 -531.5400 -166.7100 32 161 -6.9301 290.6699
1.2489450610e-01 2.2229435771e-01 -2.5144638742e+00
117 66 65
6 18 844 61.4301 94.8900 33 888 219.1000 211.7500 84 969 81.9100 278.3500 15 861 -133.8300 127.2100 34 784 59.7700 501.9000 35 1024 -99.8200 -20.4300
1.2490229448e-01 2.2226716727e-01 -2.5157898868e+00
117 66 65
5 18 845 61.4301 94.8900 33 889 219.1000 211.7500 15 862 -133.8300 127.2100 35 1025 -99.8200 -20.4300 41 954 -54.5500 -260.7700
1.8934147705e-01 2.9367191558e-01 -2.5231783323e+00
144 122 102
5 18 609 99.3199 136.8800 33 633 256.8500 234.9000 84 677 113.4600 308.0800 15 873 -106.0000 153.4900 41 704 3.5000 -249.8700
-3.5317726891e+00 1.9208097497e+00 -5.8551262443e+00
206 159 139
12 18 673 -907.6300 519.0400 33 721 -429.3200 538.1600 84 723 -837.6200 475.6700 15 881 -745.4400 173.9600 85 576 -555.7400 473.4500 35 1190 -123.2800 592.6100 41 855 -89.3800 677.5900 87 853 128.7800 408.8600 88 839 130.9100 415.1000 86 822 141.1801 402.3000 16 603 616.6000 552.0800 89 572 651.3600 263.9900
-1.0918443246e+00 -9.4174878162e-01 -2.3850207478e+00
131 107 120
5 18 757 -667.1900 -598.3400 33 1146 -475.9300 -150.4400 84 851 -585.0800 -256.0900 15 1026 -707.7800 -343.4399 32 268 -435.0500 -11.0300
-1.0128839082e+00 -3.6637109931e-01 -2.6417310786e+00
119 140 137
4 18 1104 -569.2900 -230.3900 33 1198 -322.7900 72.5500 84 907 -479.3600 23.2200 15 1107 -590.0500 -119.4700
-5.8007157984e-01 -1.5988831616e+00 -3.0267302509e+00
141 166 163
5 18 1340 -284.8400 -785.5601 33 1602 -255.6300 -479.2600 84 1175 -292.0600 -558.8300 15 1345 -416.7800 -645.8400 32 354 0.5699 -729.2700
-8.9184459519e-01 -1.4477069053e+00 -3.1164973795e+00
187 207 205
6 18 1375 -421.8300 -692.5400 33 1637 -340.6700 -377.6801 84 1744 -419.1000 -477.0000 15 1361 -519.3100 -576.6000 32 369 -184.0300 -521.1400 85 2027 -331.3700 -241.5000
1.9766752788e-01 -1.3974372278e+00 -3.2624375986e+00
186 217 224
6 18 1392 85.3500 -647.0500 33 1600 79.6899 -482.6500 84 1750 50.5699 -467.9000 15 1363 -86.2800 -563.6500 32 355 647.3300 -713.1300 85 2021 -112.2100 -260.3000
-1.0253633911e+00 -7.2858360065e-01 -2.5255753841e+00
187 163 193
5 18 1082 -596.6300 -446.9301 33 1177 -393.0800 -69.8700 84 1244 -517.4800 -148.0400 15 1429 -637.9100 -259.1899 32 282 -261.5900 142.0300
-8.0022439043e-01 -5.8064679630e-01 -2.5519867408e+00
113 131 114
4 18 2082 -466.1700 -361.3300 33 1738 -277.9700 -34.7100 84 1267 -395.2900 -81.3100 15 1456 -532.5600 -198.1200
-9.2511945161e-01 -3.4841156530e-01 -2.6186058323e+00
192 204 210
6 18 1107 -524.7400 -222.9000 33 1197 -289.0100 72.1100 84 1295 -439.9800 29.9300 15 1500 -559.1600 -110.4200 32 749 -58.6100 414.4800 85 1406 -341.3900 -50.7600
-9.6647756683e-01 -2.5679372861e-01 -2.6498570527e+00
160 174 140
5 18 1119 -541.8800 -169.2000 33 1795 -289.4500 111.2200 84 1307 -451.9900 71.8000 15 1518 -565.6400 -78.1200 32 456 -66.5300 479.6799
-6.6618003921e-01 -2.5144928796e-01 -2.5875911980e+00
141 160 132
5 18 1117 -387.2300 -172.9000 33 1781 -175.1800 87.4000 84 1305 -312.5700 71.5900 15 1522 -457.5600 -69.2400 32 454 183.4600 467.0100
-7.2118616788e-01 -1.8176314841e-01 -2.5992916687e+00
161 169 144
5 18 1128 -416.5600 -132.5600 33 1801 -187.8500 121.0500 84 1319 -336.0200 104.7000 15 1537 -473.9700 -42.9300 32 465 150.7100 526.6000
-7.8242710215e-02 1.2066675094e+00 -2.3559370968e+00
118 118 90
3 18 1004 -62.4500 716.0500 33 1412 245.8500 684.3500 15 1796 -205.2000 504.7700
-6.3339479059e-01 -1.6158856880e+00 -3.0229519280e+00
186 211 215
5 18 2536 -310.4300 -793.7600 33 2399 -278.7700 -479.6300 84 2544 -317.2700 -566.8101 15 1933 -439.3800 -652.8101 32 520 -44.6899 -730.0400
-4.5398010987e-01 -1.5958174165e+00 -3.0058537104e+00
181 207 207
6 18 1858 -225.9600 -790.8101 33 2375 -210.1500 -495.4700 84 2548 -235.5900 -561.8300 15 1942 -368.4300 -646.1400 32 347 99.2900 -764.1500 85 2650 -254.2600 -292.5601
-2.3570445803e-01 -1.5415729663e+00 -2.9967221749e+00
162 203 205
5 18 1345 -121.3900 -769.1100 33 1586 -120.1800 -502.4700 84 1708 -137.6900 -543.4800 15 1953 -279.8300 -626.0300 34 1380 -544.2100 -398.6899
3.9558928820e-01 -1.5338563456e+00 -3.1714856713e+00
177 219 218
6 18 1910 178.1899 -727.9200 33 2262 138.5500 -567.9800 84 1711 134.3500 -536.7900 15 1954 -14.2400 -624.0699 34 1985 -227.6000 -589.2000 85 1994 -79.2500 -298.5800
-4.9748904505e-02 -1.5165837966e+00 -3.1579219925e+00
177 215 215
6 18 2666 -28.2500 -720.8300 33 3739 -33.0100 -505.3700 84 2610 -54.3500 -522.2900 15 1959 -190.9900 -613.1200 32 498 443.3800 -769.0699 93 2811 116.2600 -155.9000
-2.5964973035e-01 -1.3878835911e+00 -3.2145249429e+00
169 196 187
6 18 1955 -123.1400 -649.9100 33 2448 -92.8700 -425.9500 84 2688 -139.8100 -457.8400 15 1999 -264.8400 -556.6899 32 572 298.0500 -606.6200 85 2738 -202.4000 -246.0100
-1.2479379593e+00 -1.3985743469e+00 -3.1534590165e+00
180 201 192
3 18 1385 -580.4800 -659.6000 33 2556 -453.6800 -317.3800 15 2002 -643.8700 -552.7800
-7.5678562895e-01 -9.7626371487e-01 -2.2805994487e+00
115 91 103
6 18 1957 -489.6500 -649.3900 33 4249 -357.1000 -209.2000 84 2832 -419.2500 -287.1500 15 2078 -583.2700 -356.2800 32 663 -142.0800 -115.9800 34 2419 -841.4200 138.8100
-1.1109082635e+00 -9.6376787458e-01 -2.3685440043e+00
142 127 140
5 18 1972 -682.5800 -615.1600 33 2641 -490.6700 -157.3400 84 1805 -599.5800 -268.0900 15 2080 -720.3600 -352.2100 32 397 -467.5600 -25.2200
-8.5650226007e-01 -7.3185103509e-01 -2.4923599308e+00
163 139 167
5 18 1464 -508.8500 -456.1600 33 1717 -330.5400 -91.3400 84 1842 -436.5500 -153.8900 15 2126 -572.6800 -257.5300 32 706 -118.3000 113.8000
-2.2586847466e-01 -6.3203003232e-03 -2.0799545924e+00
126 131 105
4 18 1132 -177.5400 -56.1200 33 1228 6.7400 203.9300 84 1350 -95.2000 243.4900 15 2317 -328.7600 105.2700
-2.2560705473e-01 -6.1971008154e-03 -2.0786500906e+00
126 131 105
3 18 1133 -177.5400 -56.1200 33 1229 6.7400 203.9300 15 2318 -328.7600 105.2700
-7.2778974658e-01 1.0348740670e+00 -2.8080325591e+00
159 178 186
5 18 1264 -392.0800 523.4100 33 1954 -27.0400 566.9399 84 1494 -280.7200 599.7300 15 2447 -403.4000 348.2500 41 2014 -75.5200 404.7000
-8.1539249840e-01 9.8400928515e-01 -2.5027028444e+00
226 224 246
4 18 1273 -491.1500 543.9299 33 1976 -90.2300 617.8700 84 1101 -341.6000 653.7500 15 2485 -472.7600 390.0701
-7.2449666204e-01 -1.6002842574e+00 -3.0367879445e+00
175 204 206
5 18 1866 -352.4900 -782.7200 33 3858 -308.2300 -461.0200 15 2859 -472.6400 -644.4600 32 552 -109.5000 -691.3101 34 3458 -730.8300 -296.6300
-7.6218951174e-01 -1.5722264991e+00 -3.0556911330e+00
129 156 151
4 18 2581 -367.8200 -764.5100 33 3894 -316.3000 -443.9200 15 2893 -483.9200 -631.5400 32 957 -128.4300 -656.2600
-1.1341540002e+00 -1.5655725503e+00 -2.9742971266e+00
133 166 159
3 18 1868 -556.8600 -777.9600 33 2480 -463.6500 -399.8199 15 2900 -642.3000 -626.8500
-9.0902375292e-01 -1.5259123121e+00 -3.0945490394e+00
184 210 207
5 18 2648 -432.3800 -732.9500 33 3987 -358.5900 -406.1600 84 2622 -431.5800 -513.4000 15 2927 -532.7300 -609.4200 32 1040 -217.4100 -579.5800
-6.3666581875e-02 -1.4886618960e+00 -3.1782303367e+00
146 175 173
6 18 2693 -34.4900 -703.8900 33 3776 -33.5500 -491.2300 84 4157 -59.5100 -508.0900 15 2944 -193.9300 -600.5200 32 513 434.9900 -738.7600 34 3232 -407.9600 -428.6700
-1.4110943599e-01 -1.4514058549e+00 -3.1910575145e+00
147 179 176
6 18 2741 -69.6600 -684.3500 33 3841 -57.8900 -466.2400 84 2648 -91.5600 -489.0500 15 2977 -222.4400 -584.1300 32 922 379.1000 -687.6500 34 2152 -424.2800 -389.8199
2.0521002975e-01 -1.4369154070e+00 -3.2377064070e+00
134 172 172
6 18 2763 89.0100 -669.3800 33 2364 77.6801 -500.2200 84 2652 53.3600 -486.5200 15 2984 -85.3800 -580.5500 85 2694 -112.2500 -268.9301 93 2851 143.3600 -93.9000
-1.2884233492e-01 -1.4396673483e+00 -3.2008458465e+00
181 211 209
5 18 2748 -63.8100 -676.9800 33 3850 -50.2800 -462.5900 84 4214 -87.2500 -484.3600 15 2988 -217.0700 -579.0100 34 3304 -413.5000 -387.9301
-6.0554220746e-01 -1.4272953312e+00 -3.0945089194e+00
169 204 208
4 18 2731 -291.2300 -690.2200 33 6172 -237.4200 -405.3400 84 4239 -294.3800 -475.3600 15 2996 -411.6900 -571.1400
-1.3063628116e+00 -1.4409238289e+00 -3.0729423168e+00
187 214 208
4 18 1925 -621.2800 -695.2500 33 4116 -492.2500 -327.8900 15 2999 -683.3500 -570.3900 32 1123 -477.2100 -430.2400
-1.3236982070e-02 -1.4104225942e+00 -3.2198070213e+00
117 156 154
7 18 2777 -10.6400 -659.7700 33 3845 -3.3000 -464.5500 84 4246 -36.6000 -472.1801 15 3010 -170.3600 -567.9000 34 3272 -354.9400 -406.9500 35 2931 -420.1400 -692.2100 41 2077 -352.2500 -797.5000
1.2694032785e-01 -1.4011917082e+00 -3.2613788413e+00
130 169 168
4 18 2790 52.9200 -648.4900 33 3818 53.4399 -475.4200 84 2675 20.8000 -468.6200 15 3018 -113.7700 -564.7200
-2.8923120936e-01 -1.3971523615e+00 -3.2115108926e+00
128 155 146
5 18 4020 -136.8300 -654.1200 33 6087 -105.3400 -426.3199 84 4276 -152.8800 -461.6400 15 3027 -276.7400 -560.3500 32 1767 274.5699 -607.4500
2.0848106171e-01 -1.3677731957e+00 -3.2635896276e+00
189 222 220
3 18 4054 89.9399 -633.5300 33 3832 87.4700 -472.4700 15 3043 -81.8300 -551.7600
-1.8440394429e-01 -1.3728378629e+00 -3.2222109795e+00
137 166 162
5 18 2798 -88.5800 -642.2200 33 3929 -62.9500 -429.1100 15 3045 -234.7400 -550.8000 32 1008 357.6500 -611.0200 34 3363 -411.3500 -343.3800
-3.4984519665e-01 -1.3457980215e+00 -3.2278579608e+00
173 198 194
4 18 2818 -164.2000 -627.9500 33 4012 -120.1200 -398.4100 15 3069 -296.5900 -539.0900 85 2753 -218.1300 -233.9800
-7.1149053867e-01 -1.2649769800e+00 -3.2601753138e+00
132 157 153
4 18 2872 -324.6900 -583.6000 33 4122 -237.4500 -325.4399 15 3116 -425.7400 -504.4301 32 1129 -1.0100 -416.5601
-1.0389029390e+00 -9.7082452999e-01 -2.3386623955e+00
187 167 194
5 18 1399 -646.5900 -627.3300 33 2634 -467.7900 -169.3600 84 1803 -565.0100 -274.0100 15 3238 -697.0700 -355.1600 32 677 -414.5000 -44.3100
-1.0392951343e+00 -8.8243754979e-01 -2.4157583563e+00
181 177 176
5 18 1996 -629.5700 -556.9800 33 2656 -439.9600 -131.5000 84 2867 -548.6500 -225.7800 15 3264 -674.6900 -318.8000 32 1263 -354.7900 28.8000
-8.5118523206e-01 -8.4814520143e-01 -2.4432722004e+00
182 169 195
4 18 1066 -513.7700 -533.2400 33 2650 -352.2500 -141.4200 15 3269 -586.2100 -305.4399 85 2851 -348.6800 -167.4200
-8.5959701944e-01 -7.5993195012e-01 -2.4898680336e+00
158 136 159
4 18 2026 -510.6200 -473.0100 33 2674 -335.6900 -102.3000 15 3286 -576.1400 -269.2800 32 700 -129.5500 88.4000
-3.7703864862e-01 -7.1749895193e-01 -2.4497574062e+00
119 136 129
4 18 2036 -236.7000 -459.7900 33 4313 -129.0300 -143.0000 84 4727 -193.7400 -158.8900 15 3302 -375.1200 -249.9000
-9.4104032757e-01 -6.9839662435e-01 -2.5218311972e+00
155 140 161
8 18 2046 -550.9700 -431.7200 33 2689 -355.7900 -67.2800 84 2899 -474.4300 -135.3000 15 3307 -601.3900 -245.5200 32 714 -179.4500 153.6500 85 2891 -359.4300 -128.9800 35 3382 -745.8500 -125.4200 41 2333 -707.8800 -289.7600
-3.6144618279e-01 -6.3338814699e-01 -2.5220148770e+00
156 161 174
3 18 1484 -222.3600 -398.8800 33 2669 -103.8900 -109.4200 15 3323 -354.7300 -218.2200
-1.0211566393e+00 -3.1248662020e-01 -2.6735881486e+00
197 207 219
3 18 1110 -565.9700 -198.0600 33 2733 -314.5500 92.8400 15 3405 -586.4100 -101.5000
-9.0898501788e-01 -2.3750626751e-01 -2.6340806102e+00
175 191 180
5 18 2118 -515.0000 -160.0500 33 2743 -266.4900 114.5600 84 1907 -425.4000 80.8600 15 3425 -545.3000 -68.9900 32 754 -16.5601 492.9399
-2.9878316915e-01 8.5306000219e-02 -2.0735817550e+00
112 138 85
4 18 2147 -228.5600 7.5400 33 2786 -16.5200 258.3000 84 3073 -132.8200 296.9000 15 3583 -359.2400 144.5800
-8.3639747400e-01 9.1830848551e-01 -2.8312052704e+00
175 203 237
3 18 2353 -445.4100 457.5300 33 2921 -79.8600 528.3400 15 3701 -442.7300 306.8300
-2.2106647631e-01 8.0070287861e-01 -2.5717949089e+00
171 152 122
6 18 2321 -137.3200 428.5601 33 2897 138.0699 480.1100 84 3186 -68.0000 537.3500 15 3720 -251.6600 321.4200 35 2718 -40.5000 363.7400 41 1918 1.5500 172.5000
-4.4717175110e-01 -1.6062095286e+00 -3.0019864486e+00
135 161 161
5 18 3566 -222.9300 -796.4301 33 5789 -209.1600 -500.9800 84 3963 -234.4900 -568.2500 15 4302 -366.4200 -650.5000 32 834 103.2400 -775.7100
-7.6635897295e-01 -1.5911975683e+00 -3.0478804958e+00
144 172 173
4 18 5190 -370.5800 -775.1000 33 5976 -321.2700 -451.4800 84 6138 -374.4100 -550.2000 15 4344 -488.0300 -640.2300
-3.5315493337e-01 -1.5314572701e+00 -3.0125603974e+00
189 223 225
5 18 3684 -177.1600 -759.7000 33 5851 -163.5400 -482.3600 84 6197 -189.3100 -534.3900 15 4402 -324.9200 -619.0699 32 879 196.7800 -733.6000
4.1642461522e-01 -1.4998600731e+00 -3.1893755967e+00
180 212 212
5 18 3853 187.4900 -708.5601 33 5560 151.3800 -555.7400 84 4118 142.5200 -521.7900 15 4426 -5.2200 -609.1801 34 2971 -204.0700 -577.4000
-3.1680077823e-02 -1.5064605422e+00 -3.1678015589e+00
169 204 200
6 18 3842 -19.2800 -713.9000 33 5775 -24.2300 -502.9000 84 6285 -46.1400 -517.0200 15 4428 -183.0200 -608.6500 32 1447 458.6200 -763.5100 34 4942 -403.2200 -446.2300
-5.9044692227e-02 -1.4329872980e+00 -3.2003561565e+00
177 212 213
6 18 3959 -32.1300 -674.5200 33 5904 -24.1600 -468.8800 84 6439 -56.6100 -482.6200 15 4522 -189.1500 -576.4200 32 1595 446.2700 -690.8000 34 5069 -384.3400 -404.2000
-5.3466992388e-01 -1.4375692625e+00 -3.0903592060e+00
172 212 214
5 18 2716 -258.3400 -696.4100 33 3956 -212.7900 -417.9100 84 4223 -264.1000 -482.0601 15 4524 -385.0500 -576.2100 32 1023 76.5100 -597.4399
-7.3054980331e-02 -1.4232617106e+00 -3.2065492519e+00
170 205 199
5 18 3982 -38.5400 -668.7500 33 5928 -27.9600 -463.0400 84 6466 -61.5400 -477.1600 15 4529 -194.0700 -572.5100 32 1621 436.0699 -678.8300
-2.4277582578e-01 -1.4121417722e+00 -3.2043149107e+00
179 211 207
4 18 5695 -116.1700 -662.5200 33 8654 -90.0200 -437.9500 84 9406 -133.0900 -469.1801 15 4538 -260.6500 -567.4301
-1.5775995334e-01 -1.4024108492e+00 -3.2096617862e+00
173 203 195
3 18 5717 -77.1400 -657.7700 33 6010 -57.5600 -444.4000 15 4549 -226.0800 -563.3700
-9.2895133064e-01 -1.3223212092e+00 -3.1726177320e+00
187 215 215
5 18 2828 -432.5400 -623.7700 33 4124 -331.5500 -324.5400 84 4398 -425.3700 -416.7700 15 4637 -519.8300 -524.4301 32 2084 -173.0200 -417.6899
-7.7811148080e-01 -1.0933083637e+00 -3.3718353043e+00
131 159 162
4 18 4295 -343.1900 -489.8900 33 6542 -229.9900 -254.4600 15 4831 -430.3600 -439.0000 32 2226 -2.3500 -286.9399
-6.9338035000e-01 -8.5402731657e-01 -2.3488092930e+00
134 117 144
5 18 2901 -438.7900 -559.0100 33 4293 -300.3500 -161.6200 84 2869 -371.5400 -221.2800 15 4991 -534.7000 -303.5100 32 1257 -19.5200 -9.9700
-9.8938930614e-01 -6.9964782454e-01 -2.5298175420e+00
199 183 209
4 18 4356 -576.4900 -430.5200 33 6781 -373.9800 -62.5200 15 5039 -619.3200 -246.1500 32 2432 -220.9500 159.2900
-9.6894430247e-01 -6.9668913259e-01 -2.5283075168e+00
162 147 170
4 18 2049 -565.0400 -429.3101 33 4364 -365.5400 -63.1800 84 2903 -487.6400 -133.4200 15 5041 -611.5200 -245.0000
-8.6774257842e-01 -3.2896713146e-01 -2.6210430900e+00
195 209 220
5 18 3065 -493.2300 -212.2100 33 9693 -263.1600 73.8100 84 7399 -410.5600 37.8100 15 5183 -535.1800 -103.0200 32 2482 -5.9301 420.2200
-1.0400353235e+00 8.1922359029e-01 -2.5923230650e+00
232 228 241
3 18 2330 -600.4400 433.9700 33 7121 -191.0500 552.7500 15 5518 -550.1300 316.0300
-5.6488878472e-01 -1.5982243489e+00 -3.0225861157e+00
139 165 164
6 18 5148 -277.6600 -786.4900 33 8410 -250.7600 -481.4200 84 6094 -286.2000 -560.0300 15 6334 -410.7600 -645.4500 32 1504 12.3800 -733.0900 93 4286 41.1500 -274.0100
4.5932643001e-01 -1.5530300379e+00 -3.1563138321e+00
151 191 191
3 18 5347 208.3101 -740.0900 33 7850 161.5300 -585.9000 15 6421 10.9800 -632.9700
3.5244832631e-01 -1.5483273626e+00 -3.1611986001e+00
130 170 169
4 18 3766 157.9800 -736.5601 33 5499 120.2100 -569.2700 15 6437 -31.7000 -629.9700 34 4590 -253.4300 -583.0200
4.6516818765e-01 -1.5031188453e+00 -3.1781997557e+00
141 174 168
4 18 5479 210.2700 -712.6801 33 5528 170.3199 -564.1801 84 6239 163.6801 -525.0500 15 6546 13.9600 -611.0300
-6.7792010663e-02 -1.5075475352e+00 -3.1681678522e+00
137 171 170
6 18 5465 -36.8800 -714.7500 33 8327 -37.9800 -498.8300 84 6286 -61.5500 -516.8300 15 6570 -196.8700 -608.4700 32 1462 429.2700 -755.3000 34 7135 -417.4300 -436.3900
2.9438803729e-01 -1.4797588654e+00 -3.2096432526e+00
183 219 213
4 18 5560 130.2500 -694.5800 33 8127 106.2700 -530.6100 84 6323 91.1400 -508.7800 15 6619 -52.4399 -599.5000
-1.5522802034e-01 -1.3386023931e+00 -3.2464372935e+00
159 190 183
4 18 4085 -74.4700 -621.8900 33 8740 -47.0601 -418.4301 84 6637 -94.4100 -436.9600 15 6924 -221.4100 -537.4301
-7.0491313437e-01 -1.2733120136e+00 -3.2550799550e+00
180 208 211
5 18 4146 -322.1500 -588.2700 33 6381 -237.0100 -329.5000 84 6764 -322.1100 -396.6500 15 7051 -423.7200 -507.2300 32 2070 1.0100 -424.3101
-5.1836209385e-01 -1.2336185033e+00 -3.2730765548e+00
117 149 147
4 18 4179 -236.5300 -568.4000 33 9061 -165.0500 -335.7900 84 6808 -241.8500 -383.2800 15 7119 -352.5700 -493.5000
-5.4934120509e-02 -1.1075892202e+00 -3.3755619609e+00
137 169 168
4 18 4285 -26.7400 -499.2900 33 9052 22.3400 -338.2700 84 6970 -48.3400 -337.4399 15 7296 -170.3100 -448.6600
-1.0253906098e+00 -9.6723636699e-01 -2.3404302907e+00
165 147 171
4 18 4079 -638.7400 -625.0200 33 6669 -461.1100 -169.6800 15 7539 -690.5200 -353.7800 32 2374 -398.8300 -44.3900
-9.9858218051e-01 -7.6122916030e-01 -2.5108306492e+00
196 180 203
5 18 2032 -584.7400 -468.4000 33 6761 -389.2300 -86.8100 84 4723 -508.0000 -165.1600 15 7643 -630.7700 -271.1700 32 2422 -251.2100 111.0000
-3.0437261434e-01 8.5071602766e-01 -2.5499719803e+00
171 155 128
3 18 4872 -187.4000 460.5000 33 7103 107.4301 512.4100 15 8488 -283.4200 341.7200
-8.7158111257e-01 1.1920723066e+00 -2.6003277727e+00
250 243 254
4 18 3506 -504.6600 646.1899 33 7178 -79.9900 680.4299 84 5245 -351.0700 717.8700 15 8565 -472.4300 436.4000
1.7175361348e-01 1.1190043819e+00 -2.4419234492e+00
144 172 98
3 18 6978 92.8700 642.0400 33 10081 347.1000 604.5900 15 8578 -105.3400 459.0200
-3.6237039284e+00 1.7129929886e+00 -5.6918379389e+00
61 24 17
3 18 6 -956.7600 474.2800 33 42 -474.0100 514.5200 84 15 -882.6200 446.0701
-4.0502342905e+00 2.2831905971e+00 -6.1877311177e+00
63 26 18
2 18 152 -985.1400 582.6500 33 218 -471.7200 591.2900
-8.7018634175e-01 -9.6390053597e-01 -2.3280600240e+00
150 133 152
2 18 242 -548.1300 -628.0300 33 306 -396.8800 -188.4200
-9.6313955327e-01 -8.9344473138e-01 -2.4100170893e+00
197 194 217
5 18 249 -587.4400 -565.5800 33 582 -411.2900 -145.9100 84 428 -508.6000 -233.3400 32 137 -288.1500 1.2900 85 843 -376.4000 -175.5500
-9.2275773974e-01 -2.7717578751e-01 -2.6432721768e+00
124 131 77
5 18 270 -518.0700 -181.4800 33 340 -276.3000 98.8800 84 242 -433.2100 61.5100 32 82 -36.4000 460.3300 85 658 -338.6800 -34.4700
4.0913471865e-02 1.8144007337e-01 -2.5259259092e+00
139 131 144
3 18 281 12.4200 70.9700 33 356 176.0000 201.8000 85 669 -120.0900 23.0100
1.3843821241e+00 -9.7914283535e-01 -2.6120075296e+00
123 91 104
3 18 376 760.1200 -580.8300 33 553 669.4700 -509.2500 84 593 653.4500 -334.1300
-8.8648086647e-01 9.8510676805e-01 -2.5930951289e+00
171 141 130
2 18 492 -513.9900 529.5400 33 740 -111.5700 604.0200
-1.0314874111e+00 -1.0174435911e+00 -2.2892859915e+00
124 95 115
2 18 529 -655.0800 -668.7300 33 575 -480.9600 -191.2400
-9.8636344243e-01 -9.9855129491e-01 -2.3073127411e+00
126 103 112
2 18 533 -623.4300 -653.0000 33 578 -455.0500 -188.8000
-1.0797336535e+00 -9.6095636084e-01 -2.3616393502e+00
192 189 210
3 18 537 -665.7800 -615.5601 33 821 -477.9000 -160.1300 85 1090 -406.5600 -188.8400
-1.0149876454e+00 -7.0834966702e-01 -2.5320704177e+00
186 170 196
2 18 564 -590.3200 -434.9399 33 841 -385.1500 -62.9200
-3.2785469601e+00 1.6822858896e+00 -5.7061359418e+00
201 157 137
3 18 663 -863.7200 465.4299 33 697 -408.0900 493.4299 84 712 -798.9700 432.4700
-7.6893624649e-01 -1.0829462590e+00 -2.2878785195e+00
181 202 195
2 18 735 -493.7300 -711.8101 33 1119 -377.3600 -257.9200
-7.7108371209e-01 -9.5237180070e-01 -2.2935071005e+00
180 161 189
4 18 750 -496.0300 -631.0000 33 1131 -358.3200 -196.4900 84 847 -424.3200 -272.6500 32 188 -146.2800 -86.3500
-8.9677447907e-01 -8.5825299205e-01 -2.4373006209e+00
203 190 216
3 18 771 -542.1500 -539.8900 33 1152 -372.5300 -139.3500 85 1367 -359.5600 -169.4000
-1.0348614547e+00 -7.8162078413e-01 -2.4828894721e+00
157 134 163
2 18 782 -611.7100 -485.2000 33 1169 -411.9400 -89.9300
-8.1791504841e-01 -3.3050222579e-01 -2.6186432881e+00
162 170 172
3 18 815 -466.4200 -213.6800 33 1194 -244.5700 68.5600 84 913 -386.4400 36.0500
-9.5242673589e-01 -2.3037964150e-01 -2.6573419220e+00
159 179 177
3 18 818 -533.4500 -155.1000 33 865 -279.4400 120.8500 84 651 -443.2500 83.6100
-3.5263469868e+00 1.8511758140e+00 -5.8143311764e+00
73 32 26
3 18 927 -911.5400 502.8900 33 996 -436.0500 526.9200 85 773 -559.7200 460.9600
-9.6719926919e-01 9.6614795344e-01 -2.6197811173e+00
157 138 158
2 18 933 -554.0600 513.9200 33 1386 -142.5200 597.3600
1.3733873409e+00 -1.1885099207e+00 -2.4987772202e+00
147 145 120
2 18 1024 781.2900 -724.8400 33 1068 652.4100 -624.5800
1.3733873409e+00 -1.1885099207e+00 -2.4987772202e+00
147 145 120
2 18 1025 781.2900 -724.8400 33 1069 652.4100 -624.5800
3.6806990676e-01 -1.4725686878e+00 -3.1988154834e+00
153 186 183
3 18 1027 164.5500 -693.8700 33 1086 135.5200 -538.1000 84 1179 122.7700 -507.9200
3.6806990676e-01 -1.4725686878e+00 -3.1988154834e+00
153 186 183
3 18 1028 164.5500 -693.8700 33 1087 135.5200 -538.1000 84 1180 122.7700 -507.9200
-1.0892926739e+00 -1.0596485495e+00 -2.3096662438e+00
131 105 131
2 18 1029 -683.9500 -687.6200 33 1128 -507.4200 -203.1600
-1.2234188251e-01 -1.4186340740e+00 -3.2042849830e+00
141 173 162
3 18 1035 -61.3000 -666.3600 33 1098 -45.6600 -455.0699 85 1620 -176.9800 -257.0699
-1.0139818492e+00 -9.5735765560e-01 -2.3481255049e+00
178 163 183
5 18 1043 -630.5300 -617.6500 33 1686 -453.3100 -166.8500 84 1210 -550.0200 -267.3199 32 264 -380.7900 -38.1400 85 1656 -393.0700 -191.4200
-8.7430719155e-01 -8.4223695734e-01 -2.4682549706e+00
195 184 209
3 18 1069 -522.5000 -524.1000 33 1706 -356.3900 -135.7700 85 1668 -352.3000 -165.2600
-4.8145601694e-01 -6.1417811470e-01 -2.5047421655e+00
98 113 70
2 18 1087 -291.8500 -389.7000 33 1172 -155.0600 -85.0200
-9.5944574244e-01 -3.6820890667e-01 -2.6223578277e+00
124 141 125
3 18 1103 -543.4700 -233.7000 33 1195 -304.4900 68.0700 84 1293 -456.4100 21.9100
-7.5920113176e-01 8.9594121809e-01 -2.8037828226e+00
162 187 212
4 18 1228 -408.9000 449.3800 33 1929 -55.3700 518.6899 84 1466 -299.2000 545.1600 43 667 -11.1899 351.8600
-8.1098758391e-01 9.0742829330e-01 -2.8153286847e+00
121 141 174
2 18 1232 -434.8300 454.0800 33 1934 -72.7400 524.6000
-8.7216825578e-01 9.7301102342e-01 -2.5865090391e+00
166 138 133
2 18 1265 -507.5400 523.7100 33 1967 -107.4500 599.5900
-8.3976970507e-01 9.9633215086e-01 -2.5241753090e+00
134 119 110
