# Bundle file v0.3
76 4286
1.4142776807e+03 -9.0108458191e-02 1.0849356556e-01
9.4440050795e-01 -1.5220248708e-01 2.9144825186e-01
8.3417607132e-02 9.6831731892e-01 2.3537857316e-01
-3.1803959409e-01 -1.9797972828e-01 9.2717573511e-01
-1.3374610901e+00 -8.6987075829e-01 -1.3963935735e+00
1.4770912633e+03 -6.1394159587e-02 3.0507275943e-02
9.8972630914e-01 1.3101187001e-01 5.7251401055e-02
-1.3866338217e-01 9.7715990501e-01 1.6103101095e-01
-3.4846799742e-02 -1.6731530103e-01 9.8528741522e-01
-1.2635606767e+00 -6.1939294046e-01 -1.6690368203e+00
1.6874211564e+03 1.0854876013e-01 -1.2969442894e-01
9.7044807396e-01 2.4111694672e-01 -9.6516192580e-03
-2.3456706112e-01 9.5196485874e-01 1.9682784754e-01
5.6646531992e-02 -1.8874725358e-01 9.8039055722e-01
-1.4602135910e+00 -5.6892323239e-01 -1.7756514796e+00
1.9089575074e+03 2.0213208646e-01 -2.1639470912e-01
9.1819703189e-01 3.6475369996e-01 -1.5449578958e-01
-3.4281211577e-01 9.2711431100e-01 1.5145595935e-01
1.9847937906e-01 -8.6103383832e-02 9.7631559620e-01
-1.4822904241e+00 -2.7128755386e-01 -2.0771660697e+00
2.5562493573e+03 -1.1358267620e+00 1.9422463116e+00
8.7004123266e-01 4.4867904831e-01 -2.0424339665e-01
-4.2463548634e-01 8.9253989229e-01 1.5184612083e-01
2.5042555223e-01 -4.5383392075e-02 9.6707155398e-01
-1.5423786435e+00 -4.6765824563e-02 -2.2149849093e+00
0 0 0
0 0 0
0 0 0
0 0 0
0 0 0
0 0 0
0 0 0
0 0 0
0 0 0
0 0 0
0 0 0
0 0 0
0 0 0
0 0 0
0 0 0
0 0 0
0 0 0
0 0 0
0 0 0
0 0 0
0 0 0
0 0 0
0 0 0
0 0 0
0 0 0
0 0 0
0 0 0
0 0 0
0 0 0
0 0 0
0 0 0
0 0 0
0 0 0
0 0 0
0 0 0
0 0 0
0 0 0
0 0 0
0 0 0
0 0 0
0 0 0
0 0 0
0 0 0
0 0 0
0 0 0
0 0 0
0 0 0
0 0 0
0 0 0
0 0 0
0 0 0
0 0 0
0 0 0
0 0 0
0 0 0
0 0 0
0 0 0
0 0 0
0 0 0
0 0 0
0 0 0
0 0 0
0 0 0
0 0 0
0 0 0
0 0 0
0 0 0
0 0 0
0 0 0
0 0 0
0 0 0
0 0 0
0 0 0
0 0 0
0 0 0
0 0 0
0 0 0
0 0 0
0 0 0
0 0 0
0 0 0
0 0 0
0 0 0
0 0 0
0 0 0
0 0 0
0 0 0
0 0 0
0 0 0
0 0 0
0 0 0
0 0 0
0 0 0
0 0 0
0 0 0
0 0 0
0 0 0
0 0 0
0 0 0
0 0 0
0 0 0
0 0 0
0 0 0
0 0 0
0 0 0
0 0 0
0 0 0
0 0 0
0 0 0
0 0 0
0 0 0
0 0 0
0 0 0
0 0 0
0 0 0
0 0 0
0 0 0
0 0 0
0 0 0
0 0 0
0 0 0
0 0 0
0 0 0
0 0 0
0 0 0
1.5618517201e+03 -2.6146121627e-02 4.6546309974e-02
8.6634282165e-01 -3.2453962870e-01 3.7963685910e-01
-3.1266251758e-02 7.2337813743e-01 6.8974378706e-01
-4.9847019658e-01 -6.0942440031e-01 6.1654631897e-01
-1.1796070453e+00 -1.2239569911e+00 -2.2461454517e-01
1.6259585200e+03 -2.9038112283e-02 -4.1050211265e-02
8.7266131651e-01 -3.0711400454e-01 3.7966197451e-01
-2.0633221298e-02 7.5359265568e-01 6.5701779236e-01
-4.8788984090e-01 -5.8118766119e-01 6.5129440780e-01
-1.2532444966e+00 -1.2046508415e+00 -2.5560488125e-01
1.5504964649e+03 -3.6366809996e-02 -1.7423087218e-02
8.3676347600e-01 -3.6168248370e-01 4.1111150096e-01
1.1675971011e-03 7.5197698694e-01 6.5918832501e-01
-5.4756325840e-01 -5.5110470157e-01 6.2964917688e-01
-1.3404014303e+00 -1.2419495247e+00 -9.6196838157e-02
1.5795413074e+03 -5.7686497028e-02 -2.1619894374e-02
8.2152261260e-01 -3.7506443026e-01 4.2944996233e-01
5.7202149402e-03 7.5857211072e-01 6.5156398916e-01
-5.7014724075e-01 -5.3281800456e-01 6.2532959140e-01
-1.4746590128e+00 -1.2604783415e+00 5.8426758112e-02
0 0 0
0 0 0
0 0 0
0 0 0
0 0 0
0 0 0
0 0 0
0 0 0
0 0 0
0 0 0
0 0 0
0 0 0
0 0 0
0 0 0
0 0 0
1.7179933876e+03 5.5848846030e-02 -2.2505788329e-01
7.5729455024e-01 5.7949428552e-01 -3.0115002447e-01
-3.0442598610e-01 7.2119950548e-01 6.2225082747e-01
5.7778004740e-01 -3.7954926736e-01 7.2257357444e-01
-1.0456591649e+00 -7.7418478120e-01 -1.7928703361e+00
1.5887402551e+03 4.6837970541e-02 -4.6396705118e-02
7.4338036303e-01 5.9132734137e-01 -3.1259816252e-01
-2.9848822583e-01 7.1151773866e-01 6.3611892489e-01
5.9857365036e-01 -3.7957144639e-01 7.0543256388e-01
-7.9369794612e-01 -8.4520152844e-01 -1.6691217109e+00
0 0 0
0 0 0
0 0 0
0 0 0
0 0 0
1.0378798344e+03 -1.4653472021e-01 1.4592042835e-02
9.1411480823e-01 2.0109923602e-01 -3.5206990022e-01
-8.9358715549e-02 9.4690319158e-01 3.0885168888e-01
3.9548595086e-01 -2.5086538829e-01 8.8354819882e-01
-4.9545249177e-01 -7.6746236505e-01 -1.5505364458e+00
2.2136985108e+03 -3.3922898490e-01 -4.2644596362e-01
9.7944888751e-01 8.8254236473e-02 -1.8135894382e-01
-9.7879363331e-02 9.9418902616e-01 -4.4808598572e-02
1.7635052309e-01 6.1639029978e-02 9.8239560412e-01
-6.9622078872e-01 -3.3098645430e-01 -1.8104500215e+00
1.0144518376e+03 -8.3014494023e-02 2.6361696089e-02
9.8634078523e-01 1.5636606021e-01 5.1783304297e-02
-1.5741956101e-01 9.8738707243e-01 1.6907129021e-02
-4.8486464076e-02 -2.4827895945e-02 9.9851521690e-01
-1.1941800865e+00 -3.6108431651e-01 -1.3753003230e+00
1.9598329959e+03 1.1092445234e-01 -1.5807406651e-01
9.8761297428e-01 1.5633409450e-01 1.3426240079e-02
-1.5690846237e-01 9.8430534929e-01 8.0763319579e-02
-5.8945949510e-04 -8.1869592949e-02 9.9664287600e-01
-1.3059462329e+00 -4.5390291619e-01 -1.5335960629e+00
1.7974327511e+03 5.5168031763e-02 -4.4039436436e-02
9.8433409353e-01 1.7244307451e-01 -3.6739330034e-02
-1.6730843576e-01 9.7929898008e-01 1.1393592474e-01
5.5626249591e-02 -1.0600421536e-01 9.9280855490e-01
-1.3840348373e+00 -4.9179601284e-01 -1.5824464508e+00
2.1107033640e+03 4.3483819144e-02 6.0198250359e-02
9.7313936075e-01 2.2965527502e-01 1.6069822926e-02
-2.2993169492e-01 9.6609037676e-01 1.1747680449e-01
1.1454266558e-02 -1.1801626405e-01 9.9294559831e-01
-1.6021317095e+00 -3.9824502471e-01 -1.5552102779e+00
0 0 0
0 0 0
0 0 0
0 0 0
0 0 0
0 0 0
0 0 0
0 0 0
0 0 0
0 0 0
9.8370970525e+02 -9.2346847281e-02 1.1872787694e-02
9.8814993237e-01 1.1622999558e-01 1.0025118096e-01
-1.5240075991e-01 8.2068157208e-01 5.5068663106e-01
-1.8267992102e-02 -5.5943931340e-01 8.2866997960e-01
-1.6707956448e+00 -9.3934591141e-01 -8.2888516588e-01
1.4652602131e+03 -4.3741661565e-03 2.0698255444e-03
9.8794316207e-01 1.5445252278e-01 -1.0617283837e-02
-9.9501370711e-02 6.8599905372e-01 7.2076679691e-01
1.1860769679e-01 -7.1102019416e-01 6.9309631204e-01
-1.3357024003e+00 -1.1559285183e+00 -8.4386951567e-01
0 0 0
0 0 0
0 0 0
0 0 0
0 0 0
0 0 0
0 0 0
0 0 0
0 0 0
0 0 0
0 0 0
0 0 0
0 0 0
0 0 0
0 0 0
1.6374513633e+03 7.2177402160e-02 -2.5164780912e-01
3.5037559218e-01 7.4509202534e-01 -5.6751635940e-01
-7.5496898601e-01 5.8327837713e-01 2.9968010434e-01
5.5430927700e-01 3.2345665638e-01 7.6688787765e-01
-2.9151949783e-01 2.2226265071e-01 -2.2809511639e+00
1.6687402301e+03 -3.7557550852e-03 -1.8432725470e-01
3.1204878261e-01 8.2590607755e-01 -4.6957928866e-01
-7.9478156350e-01 4.9772791346e-01 3.4725954339e-01
5.2052648693e-01 2.6485104346e-01 8.1173031309e-01
-3.9410925015e-01 1.4802048055e-01 -2.3545756137e+00
1.6052629529e+03 -9.4636283262e-03 -1.1546260050e-02
7.3855767064e-01 -5.1513529270e-01 4.3493470469e-01
4.5836649561e-01 8.5675074414e-01 2.3638595162e-01
-4.9440137828e-01 2.4774838608e-02 8.6888059279e-01
-1.0480257279e+00 -1.4680493853e+00 -9.2744459480e-01
1.5399982743e+03 -4.0810542146e-02 3.7891490898e-02
6.9189905648e-01 -5.1073625641e-01 5.1031771675e-01
4.6587223798e-01 8.5580281723e-01 2.2486572860e-01
-5.5157842010e-01 8.2158471335e-02 8.3006700457e-01
-1.1121603640e+00 -1.3258447412e+00 -7.3016840231e-01
0 0 0
0 0 0
0 0 0
0 0 0
0 0 0
0 0 0
0 0 0
0 0 0
0 0 0
0 0 0
1.3904790527e+03 -1.0340745656e-01 1.2209572054e-01
9.6604916557e-01 -6.0482623510e-02 2.5117894409e-01
-3.6842298332e-03 9.6888777059e-01 2.4747305804e-01
-2.5833202696e-01 -2.3999654218e-01 9.3577039042e-01
-1.3648589580e+00 -8.9318649553e-01 -1.3597192260e+00
1.4395582228e+03 3.4083368557e-03 -3.8392001293e-02
9.6124775721e-01 -1.2571310953e-01 2.4535477037e-01
5.6423770657e-03 8.9876393994e-01 4.3839656004e-01
-2.7562821487e-01 -4.2002332598e-01 8.6464414229e-01
-1.3715138802e+00 -9.4877964648e-01 -1.1640738319e+00
1.5323734609e+03 -9.0593645366e-03 -2.8974201847e-02
9.8014186691e-01 1.8721009738e-01 6.5378132236e-02
-1.9769182246e-01 9.4826254193e-01 2.4842724269e-01
-1.5487545567e-02 -2.5641866355e-01 9.6644172350e-01
-1.4702795636e+00 -4.6411114784e-01 -1.6730349546e+00
1.7442209233e+03 2.0999396741e-01 -2.2790933731e-01
9.2710682282e-01 3.6362429099e-01 -9.0831239611e-02
-3.0732730133e-01 8.7626635359e-01 3.7108921760e-01
2.1452941277e-01 -3.1612442576e-01 9.2414418707e-01
-1.5250432516e+00 -4.5689126966e-01 -2.0206395735e+00
1.2199836311e+03 1.6726363728e-01 -1.2513339251e-01
7.8484682559e-01 5.8807072460e-01 -1.9541822644e-01
-5.2092827876e-01 7.9689704148e-01 3.0592292111e-01
3.3563252039e-01 -1.3830375317e-01 9.3178478369e-01
-1.4290662946e+00 -9.0272680292e-02 -2.1051172289e+00
1.4689131263e+03 3.8711333618e-02 -2.1414328649e-01
4.6933527020e-01 -6.0113329905e-01 6.4680998827e-01
4.3266436787e-01 7.9509565274e-01 4.2499935031e-01
-7.6975707137e-01 8.0384449791e-02 6.3325539185e-01
-1.0292904039e+00 -1.5063191696e+00 -3.9690525497e-01
0 0 0
0 0 0
0 0 0
0 0 0
0 0 0
0 0 0
0 0 0
0 0 0
0 0 0
0 0 0
0 0 0
0 0 0
0 0 0
0 0 0
0 0 0
1.5918814169e+03 -4.9279897363e-02 2.5808187750e-02
9.9344560025e-01 5.3180958512e-02 1.0118114945e-01
-9.7335096189e-02 8.5768143076e-01 5.0488458322e-01
-5.9930946957e-02 -5.1142384475e-01 8.5723621751e-01
-1.3336017943e+00 -9.6272587555e-01 -1.0522383118e+00
1.6109002875e+03 -7.3183062946e-02 9.9283794649e-02
9.9369083783e-01 2.8509440143e-02 1.0846995268e-01
-9.8599330330e-02 6.8297237021e-01 7.2375887807e-01
-5.3448020266e-02 -7.2988763064e-01 6.8147439847e-01
-1.3508165501e+00 -1.2662686057e+00 -7.0706277848e-01
1.6060799129e+03 7.4625591187e-02 -1.0864365244e-01
9.0240434177e-01 -2.7003877023e-01 3.3577591714e-01
-1.9802325459e-02 7.5244731479e-01 6.5835469648e-01
-4.3043497983e-01 -6.0075128052e-01 6.7366432820e-01
-1.6329549322e+00 -1.2710605334e+00 -2.4312794288e-01
3.9923800893e+02 -2.7025417805e-02 -7.4860772822e-02
7.6307831351e-01 4.6924845742e-01 -4.4442926620e-01
-2.8677471716e-01 8.6207699687e-01 4.1783191963e-01
5.7919923088e-01 -1.9138739945e-01 7.9240085454e-01
-4.0280978288e-01 -6.9765499416e-01 -1.5606886623e+00
1.2987755758e+03 4.4709056137e-01 -9.2769541213e-01
8.3187220982e-01 -3.5262754184e-01 4.2853522990e-01
3.1475717834e-01 9.3576010180e-01 1.5899984455e-01
-4.5707389469e-01 2.6169877355e-03 8.8942487382e-01
-1.2847750976e+00 -9.5686825895e-01 -1.0635278366e+00
1.5773955546e+03 -3.3984374322e-02 4.8763065878e-04
9.9149222312e-01 1.2904905105e-01 1.7015108471e-02
-1.2904892874e-01 9.5746104155e-01 2.5809829116e-01
1.7016036074e-02 -2.5809823001e-01 9.6596881843e-01
-1.0655394335e+00 -7.0098441162e-01 -1.5185440561e+00
0 0 0
0 0 0
0 0 0
0 0 0
0 0 0
1.4374397937e+03 5.5964547509e-02 -7.4304376363e-02
8.3447621168e-01 4.8795703525e-01 -2.5602223319e-01
-3.9085102167e-01 8.5163697506e-01 3.4921331814e-01
3.8843909561e-01 -1.9134365538e-01 9.0138930244e-01
-1.1274776757e+00 -4.0250142776e-01 -1.9494947281e+00
1.2337322162e+00 6.3212622364e-01 1.3154463898e+00
230 236 250
14 43 122 207.9301 580.5601 44 137 -717.7000 468.2700 1 351 325.7600 109.5400 2 355 -391.4900 7.5600 3 287 -1061.0601 301.9600 75 285 -453.2500 403.7500 61 285 -149.3000 572.6899 62 352 -660.9400 502.4399 63 329 -805.7200 403.6100 68 171 287.6300 606.3700 59 364 275.3199 92.1400 0 520 232.2100 312.5701 60 430 131.3199 461.9500 38 118 568.9301 482.7000
1.2337027468e+00 6.3214861686e-01 1.3154353830e+00
230 236 250
15 43 123 207.9301 580.5601 44 138 -717.7000 468.2700 1 352 325.7600 109.5400 2 356 -391.4900 7.5600 3 288 -1061.0601 301.9600 75 286 -453.2500 403.7500 61 286 -149.3000 572.6899 62 353 -660.9400 502.4399 63 330 -805.7200 403.6100 68 172 287.6300 606.3700 69 117 169.4301 -18.7700 59 365 275.3199 92.1400 0 521 232.2100 312.5701 60 431 131.3199 461.9500 38 119 568.9301 482.7000
1.2159376353e+00 6.3216769425e-01 1.3179270231e+00
231 238 254
5 43 125 79.3199 610.8400 44 139 -839.0400 491.3900 75 289 -501.6600 428.2500 0 522 201.5200 316.7100 72 262 215.2300 695.6700
1.3365559167e+00 6.6541426369e-01 1.3162204871e+00
247 245 250
14 43 130 984.2400 701.6300 44 180 -12.7800 569.9600 1 494 614.4500 156.9100 2 359 -47.9800 30.8700 75 282 -96.3400 393.6500 45 143 -875.4600 635.2600 61 407 129.9800 592.6500 62 351 -401.7100 499.3300 63 314 -595.9700 353.4399 68 279 739.0900 650.3300 0 530 399.0300 372.7400 70 200 -811.9800 342.1300 37 126 -235.0100 629.9200 33 149 -408.6000 723.7200
1.2129147399e+00 6.4423706752e-01 1.3251474806e+00
193 197 231
12 43 192 78.5601 721.6400 44 287 -869.0000 591.1000 1 781 278.7500 159.5100 75 637 -499.1400 481.0300 61 635 -196.7400 626.5100 63 724 -832.3800 459.3500 68 370 197.0100 697.4700 59 748 237.0300 129.1100 0 866 197.7000 344.8600 60 681 89.1500 503.9100 73 295 980.1001 410.8201 38 230 472.7400 596.1400
1.2129235690e+00 6.4431166202e-01 1.3250268152e+00
193 197 231
17 43 194 78.5601 721.6400 44 289 -869.0000 591.1000 1 783 278.7500 159.5100 2 649 -451.2300 66.5000 75 639 -499.1400 481.0300 61 637 -196.7400 626.5100 62 584 -701.1300 554.5300 63 725 -832.3800 459.3500 68 372 197.0100 697.4700 69 351 79.3101 63.3800 59 749 237.0300 129.1100 0 867 197.7000 344.8600 60 682 89.1500 503.9100 73 296 980.1001 410.8201 38 231 472.7400 596.1400 32 321 -76.2100 642.8101 49 160 -316.1200 734.0000
1.2358310064e+00 6.4967004685e-01 1.3226105930e+00
190 189 208
17 43 195 253.0699 726.6700 44 237 -704.3000 595.5400 1 784 342.1500 162.1100 2 516 -373.5600 63.5300 3 388 -1047.4301 359.4900 75 505 -425.2300 467.8500 61 529 -134.3100 621.7900 62 580 -644.6600 546.1000 63 580 -786.6300 442.1300 68 290 302.2500 687.7500 69 248 182.1801 59.3900 59 753 282.2400 136.4700 0 868 235.5500 351.8800 60 679 134.2600 503.4700 73 293 1063.1499 410.8500 37 284 -610.2200 654.9399 38 179 631.2800 591.3000
1.2358310064e+00 6.4967004685e-01 1.3226105930e+00
190 189 208
17 43 196 253.0699 726.6700 44 238 -704.3000 595.5400 1 785 342.1500 162.1100 2 517 -373.5600 63.5300 3 389 -1047.4301 359.4900 75 506 -425.2300 467.8500 61 530 -134.3100 621.7900 62 581 -644.6600 546.1000 63 581 -786.6300 442.1300 68 291 302.2500 687.7500 69 249 182.1801 59.3900 59 754 282.2400 136.4700 0 869 235.5500 351.8800 60 680 134.2600 503.4700 73 294 1063.1499 410.8500 37 285 -610.2200 654.9399 38 180 631.2800 591.3000
1.3098128944e+00 6.5973651994e-01 1.3198935848e+00
245 242 249
12 43 230 794.6801 705.6100 44 285 -197.2000 573.1600 1 776 543.8900 156.5000 2 640 -135.3100 36.8500 3 572 -817.4500 308.3300 75 625 -193.5000 415.6500 62 720 -468.8300 513.0800 68 502 634.9600 663.7000 69 500 501.7100 48.6500 59 1028 426.0699 150.0400 0 1121 357.7500 367.3900 33 201 -569.5600 769.4301
1.2760866116e+00 6.6439245807e-01 1.3239546709e+00
194 202 238
14 43 318 569.2300 791.5400 44 375 -423.4000 652.0300 1 1062 457.0200 185.7700 61 801 -22.5900 634.5701 62 951 -541.2500 549.9800 68 518 487.2500 711.6600 59 1032 361.8900 165.1400 38 273 960.9600 641.9200 31 442 635.1500 557.7600 32 400 146.9900 620.6899 49 420 81.0300 749.9900 64 1123 81.4200 411.4000 72 695 314.7800 793.8900 56 518 579.3700 731.7600
1.2331468847e+00 6.4725211169e-01 1.3226550769e+00
199 193 220
14 43 312 230.1300 712.1600 44 369 -725.0400 582.6100 1 1055 333.7800 156.9000 2 818 -384.4500 58.3800 3 582 -1058.6100 355.4200 75 864 -437.7000 463.9399 61 798 -142.4300 618.0000 62 949 -651.6200 542.9600 63 987 -794.3800 440.7000 68 510 291.1200 682.6600 59 1021 276.7900 131.5500 0 1464 231.3500 347.6000 73 501 1052.9900 404.3600 38 267 606.8600 583.4600
1.2331464605e+00 6.4723275563e-01 1.3226932255e+00
199 193 220
16 43 313 230.1300 712.1600 44 370 -725.0400 582.6100 1 1056 333.7800 156.9000 2 819 -384.4500 58.3800 3 583 -1058.6100 355.4200 75 865 -437.7000 463.9399 61 799 -142.4300 618.0000 62 733 -651.6900 543.0000 63 988 -794.3800 440.7000 68 511 291.1200 682.6600 69 501 170.6000 53.6900 59 1022 276.7900 131.5500 0 1465 231.3500 347.6000 73 502 1052.9900 404.3600 37 517 -625.9900 650.0601 38 268 606.8600 583.4600
1.3135914843e+00 6.5512888231e-01 1.3171769735e+00
242 239 248
13 43 306 806.4600 660.8101 44 473 -175.2500 532.9000 1 1472 550.1200 141.2800 2 1212 -126.8400 18.9100 3 774 -806.6200 286.2500 75 853 -187.2500 390.3500 61 1017 67.6899 584.2100 68 674 651.2600 636.1100 69 703 518.9200 23.1400 60 1281 288.0300 488.7000 70 446 -940.7000 325.7000 37 510 -353.7700 615.5701 49 502 298.5900 680.8900
1.1980356625e+00 6.3796863558e-01 1.3214354770e+00
232 239 255
12 43 394 -40.0500 680.9299 44 581 -960.7500 556.8000 1 1480 232.7500 145.6500 2 1663 -500.4000 56.1900 61 1026 -238.7200 613.8300 69 710 6.8000 39.3900 0 2368 169.8300 329.3500 60 1282 56.4200 488.7600 38 422 372.5400 559.8101 30 788 600.6000 439.8900 31 629 451.0400 552.1799 32 402 -143.9700 624.7000
1.3175287556e+00 6.6052441922e-01 1.3186900710e+00
246 243 250
6 43 128 846.3000 698.6000 44 146 -144.7300 568.0300 1 361 563.4100 155.0400 3 217 -791.2900 300.4100 75 287 -166.7500 406.5300 37 127 -325.2300 636.6000
1.2333374468e+00 6.3694450954e-01 1.3182167664e+00
232 234 247
4 43 143 214.2000 624.4900 44 176 -723.2100 505.3500 1 489 328.7200 125.7900 38 123 577.6100 517.3000
1.2127305163e+00 6.3307961745e-01 1.3192211944e+00
231 238 254
13 43 175 61.2500 621.1400 44 276 -863.7500 505.5300 1 616 270.6300 124.1100 2 637 -460.0500 28.7500 61 513 -202.0800 591.9200 62 567 -707.7400 523.5500 68 273 189.3300 638.0400 69 235 73.5900 7.7200 59 608 233.6801 99.2600 60 526 89.3300 474.6600 30 372 644.9700 412.1000 31 250 505.1899 518.7800 32 239 -67.6600 581.1799
1.3233658448e+00 6.6235070356e-01 1.3182037855e+00
246 243 250
9 43 188 888.0300 704.4301 44 234 -103.4300 571.8900 1 636 579.1200 157.1500 75 497 -144.9700 404.5100 61 514 95.9000 596.4700 62 455 -434.7200 505.9100 63 571 -625.9600 366.5100 69 345 555.5000 42.1300 37 214 -298.7000 637.4000
1.3233369821e+00 6.6233526017e-01 1.3182712809e+00
246 243 250
9 43 189 888.0300 704.4301 44 235 -103.4300 571.8900 1 637 579.1200 157.1500 2 639 -92.3100 33.8700 3 381 -770.9000 298.5000 75 498 -144.9700 404.5100 61 515 95.9000 596.4700 62 456 -434.7200 505.9100 37 215 -298.7000 637.4000
1.2397652907e+00 6.3583478689e-01 1.3147994555e+00
233 232 246
10 43 216 254.4700 599.3201 44 275 -673.8100 483.1100 1 765 342.9800 116.9400 2 811 -368.7800 13.3700 3 452 -1038.7400 305.5000 75 624 -429.3500 406.9299 61 625 -132.3800 576.4700 68 357 315.7400 611.1700 59 741 285.7200 99.5000 38 259 619.5699 489.1899
1.3033259904e+00 6.4272288421e-01 1.3132960207e+00
230 223 239
13 43 212 708.5000 573.8800 44 352 -252.4200 455.6400 1 1037 516.9000 109.0500 2 806 -167.4900 -13.1800 3 567 -845.9400 256.2100 75 832 -237.0000 355.2800 63 961 -680.6800 345.5701 68 486 605.9200 589.9200 69 488 479.5601 -22.5300 70 336 -1008.4700 273.4700 37 278 -419.9300 565.4900 49 237 232.1200 632.1899 33 192 -606.8800 675.5000
1.3377610992e+00 6.5157581174e-01 1.3049972043e+00
226 220 234
3 43 296 934.1400 577.2400 44 357 -17.7700 456.7000 1 1042 604.3700 111.5300
1.1916172760e+00 6.2769592728e-01 1.3145773382e+00
232 242 254
9 43 303 -98.1300 594.3201 44 468 -987.2900 480.7800 1 1047 207.0400 114.2100 2 1216 -524.9300 25.8400 61 792 -260.9800 583.3600 69 337 -31.7600 -13.7600 30 605 590.4500 398.7900 31 432 435.1899 504.0200 32 306 -172.3000 565.8201
1.2761967622e+00 6.6436865178e-01 1.3240847123e+00
194 202 238
11 43 319 569.2300 791.5400 44 376 -423.4000 652.0300 1 1063 457.0200 185.7700 61 802 -22.5900 634.5701 62 952 -541.2500 549.9800 68 519 487.2500 711.6600 59 1033 361.8900 165.1400 60 908 213.1801 521.6300 31 443 635.1500 557.7600 32 401 146.9900 620.6899 72 696 314.7800 793.8900
9.6176888832e-01 4.2472958996e-01 4.0350519125e-01
198 190 166
2 43 421 -481.2000 -260.8400 44 526 -584.0700 -294.2200
1.3045048617e+00 6.5925677557e-01 1.3208714172e+00
244 241 250
8 43 401 758.4500 711.3101 44 586 -234.7700 579.6899 1 2091 530.2200 158.9500 3 1024 -834.9500 312.7200 61 1024 47.0200 603.4200 62 1240 -481.9500 516.2400 69 1391 480.2700 51.8500 37 696 -377.7500 647.9800
1.3160183011e+00 6.2467697296e-01 3.3308841735e+00
218 219 205
2 43 673 -154.2100 -253.5800 44 898 107.3600 -289.9700
1.2912974958e+00 6.4015051617e-01 1.3137526010e+00
246 244 254
7 43 551 622.1700 570.3700 44 693 -332.9000 453.0701 1 3159 484.3900 107.3700 2 2304 -206.2700 -11.9400 75 1946 -277.4000 362.3900 61 2180 3.2000 557.3000 38 416 1014.9500 459.1899
1.2012612124e+00 6.3762751156e-01 1.3214674484e+00
68 72 128
11 43 595 -16.6899 674.7100 44 721 -940.2800 550.7000 1 3217 241.5200 143.1500 2 2374 -490.9000 52.4200 61 2277 -230.5400 612.3000 68 1097 136.2500 668.9900 69 1374 21.1700 36.2200 73 1465 927.6400 386.0900 38 776 389.2300 557.7500 31 1346 462.4700 548.6000 32 1161 -127.3900 619.6100
1.1995622217e+00 6.3789392532e-01 1.3215174500e+00
102 103 173
7 43 816 -28.9399 679.2700 44 1946 -951.3800 555.1400 1 3225 236.8300 144.9300 2 3668 -496.0500 54.8200 68 1565 128.1000 671.2700 69 1376 13.0200 38.2600 32 1701 -136.0600 622.9900
1.6114655172e+00 5.5685011805e-01 2.2197481712e-01
45 38 28
3 43 67 548.7600 -202.1400 44 36 388.5800 -259.6000 3 53 202.6899 -333.8800
1.2141198134e+00 4.8676046649e-01 3.3544411984e-01
11 14 19
2 43 61 -41.6000 -219.0800 44 42 -171.2000 -262.3800
1.5391144745e+00 6.1735799529e-01 2.4596849780e+00
20 17 26
2 43 157 -788.7500 -255.3000 44 215 -301.1100 -276.8199
1.2414900088e+00 6.4426895860e-01 1.3177606705e+00
206 205 222
13 43 145 280.9500 667.2000 44 177 -659.9300 541.9399 2 362 -358.3400 39.6400 3 291 -1027.8199 331.6600 75 394 -412.6400 435.6100 61 516 -122.2700 598.7600 62 356 -632.6800 523.9299 63 442 -779.0800 420.3101 68 226 325.1600 646.5900 69 173 205.1100 22.8500 54 347 -333.7800 -214.9900 37 169 -602.5600 618.6799 38 126 654.1100 538.0400
1.2390780184e+00 6.3925408613e-01 1.3168668205e+00
234 234 246
7 43 218 255.6100 629.8300 44 277 -679.4300 510.3800 2 813 -369.4400 25.7800 3 579 -1039.5300 318.6899 75 628 -427.6500 421.9500 63 715 -789.0900 412.4500 38 260 624.0500 514.4600
1.2928385580e+00 6.4055064759e-01 1.3139362997e+00
243 242 249
10 43 286 632.7300 572.2700 44 347 -323.2500 453.8700 2 1201 -201.5700 -11.7400 3 762 -879.9100 261.6200 62 923 -521.7000 476.8600 63 967 -700.8200 353.7400 68 488 561.1400 591.5601 69 490 436.5601 -22.7000 59 1003 393.0601 106.1600 60 1257 249.8400 463.4000
1.8228629711e+00 5.8582247769e-01 2.2324062499e-01
61 49 59
2 43 442 862.0300 -210.4400 44 541 689.5900 -273.2400
1.8228629711e+00 5.8582247769e-01 2.2324062499e-01
61 49 59
2 43 443 862.0300 -210.4400 44 542 689.5900 -273.2400
7.0999067765e-01 3.8636830399e-01 4.8327930016e-01
210 201 177
2 43 666 -990.2800 -269.3800 44 896 -1050.3400 -291.7500
1.2422626131e+00 6.3827777723e-01 1.3153112206e+00
234 232 244
5 43 384 276.4100 615.2500 44 470 -654.8800 497.8101 2 1641 -360.2900 19.4600 75 1108 -417.9900 412.0100 38 337 641.0400 499.3800
1.2196413373e+00 6.4063960851e-01 1.3225485061e+00
231 236 254
6 43 391 121.7800 679.2600 44 578 -820.0700 554.0300 2 1661 -432.5700 49.1200 75 2047 -485.1500 457.9100 69 1004 108.3000 40.4800 73 954 1001.2500 388.6600
1.6016574543e+00 6.7939117316e-01 3.4069283807e+00
219 221 203
2 43 991 -467.9600 -259.6500 44 894 -182.7400 -292.6300
1.5670762936e+00 6.6463317022e-01 3.3782296384e+00
27 24 32
2 43 525 -433.8600 -252.0601 44 414 -149.9000 -283.8400
8.0525215030e-01 4.0063317452e-01 4.5017872549e-01
47 27 56
2 43 1432 -786.0000 -266.2700 44 2728 -864.0700 -292.9301
1.2410177817e+00 6.3301614614e-01 1.3138119701e+00
230 232 245
4 43 450 258.6300 575.5400 44 562 -664.7900 462.3101 2 2307 -367.1500 3.8700 37 670 -632.8800 571.7700
1.2424865568e+00 6.3369812231e-01 1.3128400553e+00
229 228 242
5 43 721 269.6600 576.2500 44 955 -653.0400 462.7900 2 3582 -361.5800 3.8700 75 3223 -422.7200 393.2600 38 743 630.1300 466.6000
1.2418835742e+00 6.3704339785e-01 1.3146088855e+00
233 231 245
5 43 732 271.5300 606.0100 44 974 -657.4000 488.2700 2 3589 -361.5500 15.0100 75 1981 -420.5700 406.9399 38 750 635.2300 490.4000
1.2983000009e+00 6.6310536871e-01 1.3241413885e+00
100 86 148
4 43 912 725.7500 757.5300 44 1151 -275.6200 620.3700 2 3680 -169.8700 59.6600 75 3479 -226.6600 447.1000
1.1492551148e+00 5.0813822600e-01 2.2231784269e+00
165 149 113
2 43 3 189.3500 -144.3700 44 8 704.1700 -185.5500
1.6114655172e+00 5.5685011805e-01 2.2197481712e-01
45 38 28
3 43 66 548.7600 -202.1400 44 35 388.5800 -259.6000 3 52 202.6899 -333.8800
8.0935730700e-01 4.2091209381e-01 4.3513232843e-01
40 49 65
3 43 30 -763.4700 -229.6300 44 27 -840.3400 -257.2500 4 49 -987.9200 62.3800
1.2869310293e+00 6.5964327449e-01 1.3241598686e+00
229 229 241
5 43 240 639.6300 746.2400 44 291 -356.9600 609.5900 75 632 -266.2200 448.6500 62 729 -522.1700 533.3101 59 1029 383.8199 155.4600
2.2471043340e+00 8.1049302178e-01 3.7648528062e+00
208 196 174
2 43 259 -1012.4000 -272.2700 44 412 -684.3600 -295.1801
8.0282550650e-01 4.0028075026e-01 4.5493288239e-01
195 185 160
2 43 522 -793.7700 -266.5000 44 642 -871.9500 -293.4301
1.3465655141e+00 6.7232013985e-01 1.3170351603e+00
234 229 234
9 43 404 1056.5000 743.4800 44 590 61.7000 607.1400 3 1018 -687.5500 300.9500 75 1428 -51.0400 406.5601 45 388 -798.5200 664.4100 61 1393 158.9800 603.9700 62 1229 -372.7000 507.6300 63 2310 -572.0500 358.1100 70 1038 -750.7400 360.2300
2.6604212646e+00 1.0224942753e+00 7.2010156959e+00
21 18 24
2 43 425 -560.8000 -254.2400 44 651 -369.5400 -286.0200
7.5267779010e-01 3.9637105447e-01 4.6348089253e-01
15 10 17
2 43 262 -891.8900 -261.4800 44 322 -959.5900 -285.5601
2.9269846594e+00 1.1112024898e+00 8.2543579545e+00
21 18 24
3 43 424 -560.8000 -254.2400 44 650 -369.5400 -286.0200 45 424 -533.7900 -312.5200
1.2112834227e+00 6.3514812315e-01 1.3202727418e+00
78 75 141
5 43 750 53.0500 642.2000 44 1709 -874.3100 522.2200 75 3476 -512.6200 446.4700 31 1311 498.8300 529.4900 32 1638 -76.9300 595.1400
1.1929132927e+00 6.3033071244e-01 1.3159781670e+00
86 93 172
6 43 733 -86.5200 615.2700 44 1688 -982.3300 500.1000 68 1452 89.9399 628.5400 69 2158 -24.0900 -2.2000 73 2176 883.6100 353.4000 32 1605 -166.9700 580.6000
1.1997449953e+00 6.3680011821e-01 1.3208399855e+00
91 103 159
4 43 804 -29.0500 669.4100 44 3169 -949.3800 546.6200 68 1551 128.4301 665.3900 32 1690 -134.6100 616.6500
1.2736891548e+00 6.5023437400e-01 1.3157625384e+00
110 102 186
3 43 1141 514.0300 665.4800 44 3134 -439.7800 540.9100 32 2502 147.9399 551.7000
1.2747985967e+00 6.5092300530e-01 1.3165987218e+00
238 244 255
3 43 806 524.6400 672.3500 44 1867 -433.5500 545.7000 32 2518 152.4800 555.7000
1.2763558869e+00 6.5143981029e-01 1.3173480469e+00
91 87 173
3 43 1171 537.8900 676.8000 44 3179 -424.0700 549.0400 32 2534 158.7800 558.9299
1.3287639272e+00 6.6635961554e-01 1.3186158112e+00
104 90 146
4 43 631 931.8199 727.7900 44 754 -63.2000 592.9600 75 1984 -120.9200 411.6300 37 969 -267.1300 648.8400
1.3240213242e+00 6.7431635889e-01 1.3221453895e+00
241 236 243
7 43 649 919.1400 798.9399 44 791 -90.9900 658.9000 75 2037 -127.2700 449.2800 45 506 -958.9500 735.0699 62 1946 -425.2300 535.5601 68 1143 690.2200 704.8600 37 1007 -268.4400 689.7700
1.2407619091e+00 6.4284741891e-01 1.3177750433e+00
229 229 239
5 43 774 274.0699 656.9800 44 1010 -666.3500 533.9200 75 3380 -417.0400 432.0400 69 3584 202.1200 19.0100 38 764 644.3000 532.7700
1.2489894776e+00 6.4949851093e-01 1.3146573290e+00
96 82 141
3 43 1192 336.4100 684.8600 44 1074 -597.3700 558.6500 38 766 718.8700 534.8400
1.2764114482e+00 6.5027948644e-01 1.3172282522e+00
99 91 177
3 43 1146 536.6200 668.3201 44 3137 -423.4100 541.5200 38 1174 921.9000 536.8800
1.2355216505e+00 6.4876103075e-01 1.3230617304e+00
131 126 164
3 43 1995 248.6600 722.4100 44 3288 -707.8400 591.5701 38 2013 626.3199 589.0701
1.6803449238e+00 5.7691645724e-01 2.4582499780e-01
48 40 24
2 43 40 662.7400 -189.6600 44 51 498.3300 -251.8101
1.1992028938e+00 4.6887713537e-01 3.4412268220e-01
17 15 21
2 43 533 -69.7600 -244.2100 44 655 -199.2300 -285.2100
1.4056879223e+00 6.4125226691e-01 3.3280452126e+00
221 220 209
2 43 671 -258.4300 -255.5699 44 643 12.5601 -292.1200
1.1930319764e+00 6.3019166044e-01 1.3160575789e+00
86 93 172
5 43 734 -86.5200 615.2700 44 1689 -982.3300 500.1000 68 1453 89.9399 628.5400 73 2177 883.6100 353.4000 42 718 1052.6599 672.6899
1.2999942236e+00 6.5679696128e-01 1.3211988656e+00
245 242 251
4 43 147 723.5900 700.5100 44 181 -268.1100 569.9500 75 391 -230.0100 419.8000 70 149 -1023.9500 354.9700
7.0473181030e-01 3.9757172128e-01 4.8933135057e-01
89 108 138
2 43 267 -1001.2600 -248.1000 44 331 -1060.4900 -271.9000
2.2433205801e+00 7.5494783804e-01 3.6799565427e+00
69 83 116
2 43 271 -1038.6300 -224.6100 44 336 -701.0700 -251.2500
1.2994698367e+00 6.4193937000e-01 1.3126731701e+00
216 211 238
3 43 284 680.6300 571.8300 44 345 -276.3400 453.3101 75 834 -250.0300 356.8600
1.2996399722e+00 6.4191016682e-01 1.3129671197e+00
216 211 238
3 43 285 680.6300 571.8300 44 346 -276.3400 453.3101 69 485 465.9200 -23.5500
1.3305474822e+00 6.4999075391e-01 1.3056939504e+00
205 198 212
2 43 293 887.5300 575.3201 44 351 -65.5800 455.4600
1.1804514332e+00 6.3419524137e-01 1.3145880749e+00
231 239 254
2 43 305 -167.3700 654.4100 44 474 -1053.7100 534.4800
1.3191033704e+00 6.4809908806e-01 1.3085988823e+00
245 242 249
2 43 454 815.0200 581.9800 44 561 -141.9300 462.4900
1.2933193313e+00 6.5944282053e-01 1.3232976116e+00
96 81 120
3 43 495 683.0000 734.1500 44 767 -312.2400 599.5900 75 2016 -247.0500 439.2900
1.1989821885e+00 6.3587984319e-01 1.3195212761e+00
229 236 252
2 43 584 -34.2400 660.1000 44 1026 -952.1300 538.4100
1.2932919879e+00 6.5838121303e-01 1.3229363385e+00
243 241 252
4 43 627 682.2900 725.4399 44 1090 -313.2900 592.0800 75 3398 -248.0800 435.3700 70 1569 -1066.7500 370.6000
1.3038634068e+00 6.6235183928e-01 1.3233802621e+00
239 239 240
2 43 636 763.2700 743.3101 44 774 -237.8000 607.5701
1.3475391489e+00 6.7373415558e-01 1.3166195733e+00
114 96 151
2 43 640 1064.6101 751.2100 44 591 67.8600 614.0200
9.1996260132e-01 4.3534107670e-01 7.6069586115e-01
211 208 179
2 43 667 -781.6700 -266.4399 44 1528 -954.8500 -292.5400
2.2602368185e+00 9.4213058361e-01 6.5311156452e+00
218 218 202
2 43 668 -467.7600 -259.7800 44 895 -279.4300 -292.6200
1.2732104280e+00 6.5170123531e-01 1.3174085452e+00
238 242 254
2 43 820 514.6300 681.6899 44 1943 -443.3900 554.7400
1.3062487151e+00 6.5982407339e-01 1.3209322614e+00
240 237 246
2 43 833 771.0300 714.6300 44 1082 -222.3900 581.4000
1.2895768584e+00 6.6065382362e-01 1.3249510296e+00
239 238 253
2 43 901 660.6300 752.7600 44 2202 -337.2100 616.3000
1.2362111016e+00 6.3054129813e-01 1.3138404952e+00
231 234 249
2 43 1019 222.9000 563.2000 44 1607 -701.4500 451.6100
1.3131581320e+00 6.5652179771e-01 1.3176085230e+00
119 100 175
4 43 1157 806.8600 672.4200 44 1861 -176.6500 543.9100 75 3238 -186.7800 396.4399 70 1528 -943.0200 333.4100
1.3379771425e+00 6.7022401812e-01 1.3174985186e+00
245 241 243
2 43 1271 997.6201 740.2800 44 2133 1.0000 604.9600
1.3070894187e+00 6.6293619176e-01 1.3226272854e+00
238 238 237
2 43 1278 785.2500 741.4399 44 2143 -214.8100 605.5000
1.3026907060e+00 6.4307545412e-01 1.3114559423e+00
244 241 242
2 43 1545 702.5100 573.0601 44 2897 -255.2300 454.2400
1.3026907060e+00 6.4307545412e-01 1.3114559423e+00
244 241 242
2 43 1546 702.5100 573.0601 44 2898 -255.2300 454.2400
1.2120503249e+00 6.3022990601e-01 1.3160432639e+00
224 236 252
2 43 1634 52.5200 594.1300 44 3028 -863.7200 480.5800
1.2411250606e+00 6.3776497091e-01 1.3152968540e+00
158 153 184
2 43 1651 267.0601 612.5601 44 1686 -664.0500 495.0701
1.3234054891e+00 6.7179201471e-01 1.3224268811e+00
176 167 198
2 43 2250 911.7600 785.1000 44 3437 -95.5100 644.4900
1.1803943198e+00 4.9121798167e-01 7.5108073235e-01
168 155 123
2 43 2384 -126.7300 -226.0500 44 3994 -361.4500 -268.3400
1.2423938709e+00 6.3075987818e-01 1.3114060101e+00
226 225 239
2 43 2594 264.2800 551.7000 44 4132 -655.1100 440.5701
1.3196986190e+00 6.4665683160e-01 1.3074888443e+00
236 233 243
2 43 2739 814.5200 568.9800 44 4171 -139.0000 449.9399
1.3118311506e+00 6.4494998991e-01 1.3093204722e+00
186 178 202
2 43 2780 763.0500 570.8900 44 4187 -192.4400 451.1700
1.2126353395e+00 6.2817811723e-01 1.3151806251e+00
151 157 196
2 43 2922 54.1300 576.7800 44 4393 -859.9900 464.8101
1.3571931797e+00 6.5728671653e-01 1.2988129666e+00
197 188 208
2 43 2942 1051.7200 578.4100 44 2925 110.0500 457.0300
1.2381976094e+00 6.6292430616e-01 1.3063655934e+00
210 209 223
2 43 4379 264.1000 760.3101 44 5244 -626.3400 628.8300
1.3132689174e+00 6.7027344098e-01 1.3245799681e+00
209 205 216
2 43 4760 843.5800 793.2100 44 5370 -166.5300 652.6000
1.1815284447e+00 6.3258495041e-01 1.3157579304e+00
214 222 244
3 43 79 -162.5600 646.3800 1 181 181.6200 133.1100 32 57 -231.0400 598.6700
1.1435430220e+00 6.3844358680e-01 1.3132741699e+00
234 240 254
3 43 81 -424.9200 725.4301 1 186 77.4000 162.4000 32 63 -460.8800 650.7400
1.2484721260e+00 6.9378312533e-01 2.1590194107e-01
141 127 92
2 43 94 54.7300 69.9800 44 97 -56.8500 6.5800
1.4136532452e+00 7.6001058089e-01 1.6180017656e-01
20 11 4
3 43 120 290.0601 114.4300 44 134 168.0500 44.9100 42 92 250.9399 133.5700
1.8931642748e+00 8.6212166915e-01 6.1384396627e-02
29 12 2
3 43 141 902.2300 132.5100 44 173 752.2200 50.3400 41 78 765.7700 214.4500
1.2030287851e+00 6.3518029397e-01 1.3204285749e+00
220 228 246
8 43 144 -5.2200 652.6200 1 618 244.9900 134.8900 61 519 -226.9400 604.1000 68 228 144.6600 655.9500 59 609 214.0900 105.5200 73 229 931.8900 374.1400 38 218 392.7600 540.6400 49 148 -390.0000 688.7000
1.1894657086e+00 6.4126166913e-01 1.3223133155e+00
235 245 255
13 43 148 -98.9600 717.8199 1 638 211.7800 159.3100 61 531 -258.8700 627.6600 62 585 -750.6800 560.3500 68 232 79.1200 690.0699 59 477 184.7500 121.5900 0 667 153.7200 336.6700 60 535 37.7300 499.6600 73 233 882.3800 406.7000 30 311 572.8400 454.9399 31 202 417.3101 571.2300 32 183 -191.5600 648.6500 72 344 144.7100 723.5800
1.2177348067e+00 6.3731513811e-01 1.3211054880e+00
230 235 255
14 43 177 104.5000 651.6200 1 619 287.5100 135.5000 2 642 -439.6300 38.9100 61 518 -188.1300 602.5300 62 570 -694.9700 531.7900 68 282 216.4900 656.0800 69 241 98.8600 25.6800 59 611 245.6500 110.0600 60 531 99.8600 483.8300 38 220 482.6700 544.1100 30 459 651.7700 423.3201 31 314 515.6801 531.6600 32 311 -48.2200 596.5500 49 93 -298.4500 695.4100
1.2332591088e+00 6.4468140551e-01 1.3219642833e+00
232 234 247
4 43 185 225.8800 690.8900 1 627 332.2200 149.5400 2 646 -386.0800 50.4900 61 525 -144.0100 610.7400
1.3518604493e+00 4.8050068954e-01 -1.6973604955e-01
21 21 26
2 43 204 114.8000 -233.5200 3 433 -37.2700 -299.2000
1.2725882693e+00 6.3990202525e-01 1.3093459830e+00
233 240 254
8 43 214 481.2500 578.6700 2 1206 -262.1000 -2.2600 68 353 460.4800 582.1200 69 333 340.0200 -32.2500 60 670 205.8700 458.3800 30 367 747.8199 361.4299 49 224 39.4200 610.0701 33 145 -859.6200 685.9000
1.1439146413e+00 6.2448179150e-01 1.3050693791e+00
234 241 255
7 43 217 -424.3400 604.4800 1 766 69.0200 118.1100 68 271 -158.7400 593.6100 0 858 58.7300 287.6599 30 369 437.3300 386.8101 31 245 240.9800 493.9700 72 443 21.8800 629.0601
1.2002581583e+00 6.3729756995e-01 1.3214406648e+00
207 221 246
10 43 221 -23.8800 673.4100 1 771 238.8300 142.7000 2 817 -492.3000 52.0800 61 630 -233.3100 611.8600 62 734 -732.5000 543.6799 69 344 15.7000 34.7700 59 746 208.2100 111.4000 0 1103 174.2300 328.0300 38 265 383.4800 556.6100 49 152 -401.9100 700.5100
1.3092709961e+00 6.4417893010e-01 1.3112398789e+00
242 236 248
2 43 288 749.6200 573.1899 75 828 -212.4400 348.7300
1.3539362356e+00 3.6669569428e-01 3.7207990809e-01
229 229 233
2 43 330 154.4900 -453.3000 44 317 -2.6801 -487.4301
1.4438875047e+00 4.9525819501e-01 -2.5606876906e-02
209 204 175
2 43 428 242.0400 -242.0100 3 933 29.8300 -318.6700
1.3837809908e+00 5.1333636705e-01 5.5584576960e-01
20 15 22
2 43 435 285.4800 -231.6000 2 1172 1.4200 -402.4900
1.2408452218e+00 6.3286308172e-01 1.3139814297e+00
230 232 245
3 43 451 258.6300 575.5400 1 3161 344.4301 108.0700 2 2308 -367.1500 3.8700
1.1637075441e+00 6.3290212213e-01 1.3132970860e+00
230 242 253
6 43 469 -287.6300 662.5601 1 2086 130.8700 139.1100 68 860 -53.7400 641.8201 60 2079 -24.0200 474.1100 73 935 763.3300 372.0701 32 542 -334.6900 607.7200
1.1553113527e+00 6.3586430020e-01 1.3135572616e+00
97 104 155
7 43 485 -343.9900 694.6600 1 2087 108.7800 151.0200 68 876 -93.5400 656.7900 60 2089 -43.4100 481.3700 73 953 730.9900 388.0200 72 1159 49.8400 682.7500 42 297 790.5000 749.9301
1.1992756899e+00 4.4869532073e-01 -1.9287702927e-02
204 194 173
2 43 527 -63.8400 -251.3300 2 2270 -175.9600 -397.6500
1.1289084591e+00 6.2487640732e-01 1.3038722514e+00
90 98 150
9 43 572 -524.3200 621.4000 1 3189 27.1200 123.9200 68 1026 -232.5700 598.1899 73 1414 611.2100 344.1899 38 748 39.4800 469.9200 32 756 -554.2200 572.8600 64 1766 -118.9100 123.5600 56 592 107.8300 195.6400 42 376 566.7200 673.9000
1.1290688608e+00 6.2951036674e-01 1.3061678481e+00
92 95 149
7 43 583 -523.0500 658.3101 1 3204 30.2300 138.0800 61 2254 -416.5900 606.9100 73 1427 616.1200 364.5900 31 865 175.1600 527.0601 32 769 -554.0100 601.5400 42 386 579.6200 711.7500
1.2012287795e+00 6.3758109265e-01 1.3216551769e+00
68 72 128
10 43 594 -16.6899 674.7100 1 3216 241.5200 143.1500 2 2373 -490.9000 52.4200 61 2276 -230.5400 612.3000 68 1096 136.2500 668.9900 69 1373 21.1700 36.2200 73 1464 927.6400 386.0900 38 775 389.2300 557.7500 72 1682 176.8400 713.2400 56 1513 425.9900 483.4100
1.1696258670e+00 6.3561461935e-01 1.3163813363e+00
86 93 154
3 43 600 -244.4000 683.2000 1 3229 149.9500 146.6600 61 2293 -311.3500 615.4399
1.1696870310e+00 6.3571875413e-01 1.3157457774e+00
86 93 154
6 43 601 -244.4000 683.2000 1 3230 149.9500 146.6600 68 1084 -22.1600 657.8300 73 1460 791.7200 384.8201 32 798 -300.7500 622.9800 42 394 899.0699 739.3101
1.1492692814e+00 6.3759301128e-01 1.3132161103e+00
192 203 249
6 43 614 -384.5700 712.4399 1 3250 92.3101 157.5400 68 881 -122.4300 664.4600 73 957 706.9100 396.4900 31 1358 255.6200 559.6500 72 1631 31.0500 685.6400
1.1034588937e+00 6.0955695084e-01 1.2867961686e+00
66 56 69
2 43 703 -682.4600 508.5100 1 3151 -50.1200 79.0100
1.3227830760e+00 6.5913166004e-01 1.3163993859e+00
245 240 245
2 43 810 875.7300 676.5800 75 1960 -150.0700 391.0500
1.2124967986e+00 6.7932090959e-01 1.2712326003e+00
69 75 135
2 43 933 91.0200 779.9900 44 2241 -671.9400 648.3800
1.3435373963e+00 7.2628804615e-01 1.1927933106e+00
223 221 232
2 43 1985 741.6400 719.2900 44 4958 89.6500 592.1200
1.3369257518e+00 6.9877363374e-01 1.1781439091e+00
236 233 240
2 43 2716 665.1100 566.7900 44 4203 40.0200 452.7700
1.3014032278e+00 6.6842375378e-01 1.3249802128e+00
222 235 254
7 44 62 -248.3400 654.5701 3 182 -841.9600 349.2100 62 204 -481.4000 542.8700 68 113 601.0000 713.2600 54 109 -228.8800 -364.7800 70 68 -1009.8000 408.2700 49 17 234.6100 760.0200
1.3012689461e+00 6.6841068839e-01 1.3250584581e+00
222 235 254
4 44 63 -248.3400 654.5701 3 183 -841.9600 349.2100 62 205 -481.4000 542.8700 54 110 -228.8800 -364.7800
1.3758252761e+00 6.7283304186e-01 1.3111866831e+00
228 236 254
14 44 143 248.9000 566.4800 3 214 -588.9800 265.3101 75 221 53.2800 361.0000 61 289 229.0100 580.6899 62 270 -303.1100 480.3800 63 311 -512.5900 318.3101 68 223 889.1200 628.8201 69 176 748.3199 29.0600 0 681 450.2900 380.3000 60 432 390.9800 495.4100 70 145 -604.8300 324.4399 49 29 664.0300 665.0400 33 115 -198.7900 659.8000 4 105 -1049.8400 568.8800
1.2131665849e+00 6.5183056952e-01 1.3290616751e+00
167 185 223
11 44 150 -872.3100 652.1600 1 364 284.4500 183.3700 2 368 -445.9400 92.5500 61 299 -191.8100 649.9900 62 371 -695.7200 575.1000 68 178 202.3700 737.0300 59 368 239.7300 149.6400 0 525 198.7200 362.3500 73 183 989.8101 445.0701 38 138 496.7800 646.9700 72 263 198.6100 770.0100
1.2130989401e+00 6.5161174280e-01 1.3290877041e+00
167 185 223
4 44 151 -872.3100 652.1600 1 365 284.4500 183.3700 2 369 -445.9400 92.5500 62 372 -695.7200 575.1000
1.3494915998e+00 6.6734148815e-01 1.3151272835e+00
224 235 253
5 44 178 75.1500 568.3500 3 279 -681.9400 282.0901 75 278 -47.3101 382.6700 63 313 -571.9100 343.3000 70 147 -739.7200 336.9500
1.3255657593e+00 6.7066007205e-01 1.3206339181e+00
221 234 253
2 44 187 -81.5200 630.3900 75 290 -124.6500 433.4500
1.2834506697e+00 6.7665265932e-01 1.3293871669e+00
221 236 255
3 44 199 -365.9600 742.9600 2 520 -204.7100 113.5600 75 412 -251.5700 516.1799
