# Bundle file v0.3
76 4035
1.5200449150e+03 -3.3548582012e-02 5.2823931154e-03
9.1920422555e-01 -2.4953583279e-01 3.0462347232e-01
2.6944043077e-01 9.6270722904e-01 -2.4426326402e-02
-2.8716797524e-01 1.0453066205e-01 9.5215959518e-01
9.2483102671e-01 -4.4974466270e-01 3.6334034919e-01
1.5933938150e+03 1.2023659068e-02 -2.0258031041e-02
9.9858082914e-01 -5.2476701399e-02 9.0842438977e-03
5.3007269881e-02 9.9583463268e-01 -7.4186344340e-02
-5.1533500453e-03 7.4562592210e-02 9.9720301986e-01
3.3563458277e-01 -7.3694724084e-01 7.4099848786e-01
1.5531286057e+03 -3.5066846737e-02 2.2227485781e-02
9.9659256035e-01 3.7702682317e-02 -7.3360591646e-02
-4.5253725584e-02 9.9353118991e-01 -1.0415313247e-01
6.8959183444e-02 1.0711807704e-01 9.9185197917e-01
-1.8592178500e-01 -8.4567296294e-01 8.2666647426e-01
1.6511965579e+03 4.3096726095e-02 -6.7428939340e-02
9.6603936846e-01 1.3629049811e-01 -2.1952867402e-01
-1.6994780012e-01 9.7509771314e-01 -1.4248577143e-01
1.9464245124e-01 1.7495527986e-01 9.6514504932e-01
-7.6310506375e-01 -7.8618593188e-01 7.3074945834e-01
1.7203385521e+03 2.0376059428e-01 -2.6962829861e-01
8.6740777604e-01 2.3820967156e-01 -4.3687515659e-01
-3.2422452746e-01 9.3657436736e-01 -1.3306731450e-01
3.7746815212e-01 2.5706926454e-01 8.8962530729e-01
-1.3402861461e+00 -6.2058405562e-01 5.2570456541e-01
0 0 0
0 0 0
0 0 0
0 0 0
0 0 0
0 0 0
0 0 0
0 0 0
0 0 0
0 0 0
0 0 0
0 0 0
0 0 0
0 0 0
0 0 0
0 0 0
0 0 0
0 0 0
0 0 0
0 0 0
0 0 0
0 0 0
0 0 0
0 0 0
0 0 0
0 0 0
0 0 0
0 0 0
0 0 0
0 0 0
0 0 0
0 0 0
0 0 0
0 0 0
0 0 0
0 0 0
0 0 0
0 0 0
0 0 0
0 0 0
0 0 0
0 0 0
0 0 0
0 0 0
0 0 0
0 0 0
0 0 0
0 0 0
0 0 0
0 0 0
0 0 0
0 0 0
0 0 0
0 0 0
0 0 0
0 0 0
0 0 0
0 0 0
0 0 0
0 0 0
0 0 0
0 0 0
0 0 0
0 0 0
0 0 0
0 0 0
0 0 0
0 0 0
0 0 0
0 0 0
0 0 0
0 0 0
0 0 0
0 0 0
0 0 0
0 0 0
0 0 0
0 0 0
0 0 0
0 0 0
0 0 0
0 0 0
0 0 0
0 0 0
0 0 0
0 0 0
0 0 0
0 0 0
0 0 0
0 0 0
0 0 0
0 0 0
0 0 0
0 0 0
0 0 0
0 0 0
0 0 0
0 0 0
0 0 0
0 0 0
0 0 0
0 0 0
0 0 0
0 0 0
0 0 0
0 0 0
0 0 0
0 0 0
0 0 0
0 0 0
0 0 0
0 0 0
0 0 0
0 0 0
0 0 0
0 0 0
0 0 0
0 0 0
0 0 0
0 0 0
0 0 0
0 0 0
0 0 0
0 0 0
0 0 0
1.5932936335e+03 -5.9507415195e-02 9.7952051686e-02
8.2591410617e-01 -3.7108325687e-01 4.2445624709e-01
1.5758615294e-01 8.7479073802e-01 4.5815692626e-01
-5.4132475800e-01 -3.1150984117e-01 7.8097959335e-01
1.2807782911e+00 2.8588359549e-01 7.9675174410e-01
1.6216041506e+03 -5.4662989714e-02 5.0065778136e-02
8.3423116857e-01 -3.5698720138e-01 4.2026003312e-01
1.7022437417e-01 8.9164981817e-01 4.1950478448e-01
-5.2448262109e-01 -2.7842546545e-01 8.0460999271e-01
1.1897246004e+00 2.2652744835e-01 8.8723765502e-01
1.5697002715e+03 1.9702391764e-02 -1.0470328067e-01
7.9062286791e-01 -3.9392515700e-01 4.6876268135e-01
1.9158784461e-01 8.8628495198e-01 4.2165516917e-01
-5.8155788924e-01 -2.4356098736e-01 7.7618842229e-01
1.1139680627e+00 2.2435655968e-01 9.0716443277e-01
1.5741919076e+03 3.7738482126e-02 -9.5095692021e-02
7.8595997514e-01 -3.8596376623e-01 4.8301023657e-01
1.9542761910e-01 8.9625085388e-01 3.9817389745e-01
-5.8657903403e-01 -2.1855520601e-01 7.7984527873e-01
9.3762141528e-01 1.5737800692e-01 1.0725958862e+00
0 0 0
0 0 0
0 0 0
0 0 0
0 0 0
0 0 0
0 0 0
0 0 0
0 0 0
0 0 0
0 0 0
0 0 0
0 0 0
0 0 0
0 0 0
1.5242591963e+03 -1.2504238613e-02 -4.2113521820e-02
8.3350010967e-01 3.0969210624e-01 -4.5756788187e-01
-1.3420690287e-01 9.1682539052e-01 3.7605812120e-01
5.3597208360e-01 -2.5203571699e-01 8.0573688197e-01
-1.0253570079e+00 1.2401242268e-01 1.0575432006e+00
1.5597020359e+03 -3.5590039703e-02 -2.4338947582e-03
7.8574876469e-01 3.1838752874e-01 -5.3030958914e-01
-1.1125777107e-01 9.1611486118e-01 3.8516914402e-01
6.0845754755e-01 -2.4364511624e-01 7.5525920727e-01
-8.3844320888e-01 6.6652500593e-02 1.1167238187e+00
1.3046399512e+03 -4.0861621775e-01 1.1605962698e-01
6.8393291352e-01 3.5376153834e-01 -6.3803490797e-01
-1.2111185740e-02 8.7995074607e-01 4.7491052176e-01
7.2944437004e-01 -3.1707957753e-01 6.0611174921e-01
-8.8321094957e-01 2.5836736895e-01 1.2619773635e+00
2.1257748052e+03 -5.6290858886e-01 4.7477040087e-01
9.4172241788e-01 -7.4238765531e-02 -3.2809677437e-01
1.4287277847e-01 9.7127186498e-01 1.9031114908e-01
3.0454270116e-01 -2.2609637322e-01 9.2527518781e-01
6.9721810123e-02 -1.6017706006e-01 1.3004020626e+00
1.0842257045e+03 -6.5727480899e-02 -6.1249709223e-02
9.8772173983e-01 -1.0949231073e-01 -1.1143248434e-01
2.7678363581e-02 8.2465449465e-01 -5.6495917786e-01
1.5375198491e-01 5.5493819327e-01 8.1755974020e-01
-2.9084164649e-01 -1.7264353108e+00 1.4827686401e+00
1.6898538750e+03 7.6043477146e-02 -8.4451140092e-02
9.9754268258e-01 -5.3575719553e-02 -4.5146857136e-02
3.4677639724e-02 9.3748537046e-01 -3.4629271069e-01
6.0877399238e-02 3.4387617314e-01 9.3703955083e-01
3.5124212961e-01 -1.0570605397e+00 9.1485547390e-01
1.6774758098e+03 8.8422083156e-03 -4.3167292478e-02
9.9603649244e-01 -4.6858361474e-02 -7.5601585245e-02
1.8302149986e-02 9.3976075511e-01 -3.4134257638e-01
8.7042156668e-02 3.3860599095e-01 9.3689361502e-01
7.8214298454e-02 -1.0667912344e+00 9.3558040529e-01
1.5813268419e+03 1.6827699030e-02 -5.2295595490e-02
9.9509512722e-01 -3.2637078240e-02 -9.3383665120e-02
2.5599042580e-03 9.5218679069e-01 -3.0550574875e-01
9.8889507418e-02 3.0376822867e-01 9.4759998342e-01
-1.5006803783e-01 -1.0342565140e+00 9.6756382504e-01
1.9008387707e+03 3.6331527955e-01 -4.2430745570e-01
9.6121738680e-01 5.9675430106e-02 -2.6925820015e-01
-1.0091915646e-01 9.8470450958e-01 -1.4202940780e-01
2.5666409793e-01 1.6369444664e-01 9.5253748954e-01
-6.6673763211e-01 -7.8465339375e-01 9.8925933450e-01
1.7708928016e+03 4.8438787628e-01 -4.1835527855e-01
9.7273358387e-01 -7.4755753773e-02 -2.1954715230e-01
8.5486488396e-02 9.9554501393e-01 3.9776695834e-02
2.1559553592e-01 -5.7460442981e-02 9.7479067619e-01
-7.2550351330e-01 -5.1209305009e-01 1.1440568385e+00
3.3589142184e+02 -4.6015812846e-02 1.6272501019e-03
9.6435668077e-01 -1.3610515718e-01 2.2691755870e-01
6.2057508707e-02 9.4998479071e-01 3.0606823264e-01
-2.5722569442e-01 -2.8107700654e-01 9.2457052653e-01
7.2006350994e-02 -2.2227709517e-02 1.7143717798e+00
1.8162144304e+03 -4.8284076724e-02 -5.7597999685e-02
9.9354013430e-01 -1.0625904814e-01 3.9837372097e-02
7.5111338593e-02 8.7890363530e-01 4.7104849715e-01
-8.5066376090e-02 -4.6501334878e-01 8.8120729520e-01
-7.3581980673e-02 3.0628146875e-01 1.3587540587e+00
1.5916609840e+03 5.1777970878e-02 -1.2522105787e-01
9.9501509683e-01 -4.7927381594e-02 -8.7452405193e-02
8.6714123556e-02 8.4890701506e-01 5.2138041827e-01
4.9250561990e-02 -5.2636474604e-01 8.4883127668e-01
-2.5784491715e-02 3.9613504557e-01 1.3492070254e+00
0 0 0
0 0 0
0 0 0
0 0 0
0 0 0
0 0 0
0 0 0
0 0 0
0 0 0
0 0 0
0 0 0
0 0 0
0 0 0
0 0 0
0 0 0
1.6494560717e+03 4.5024292328e-02 -1.4325844536e-01
4.3170362447e-01 4.9279126524e-01 -7.5550562508e-01
-6.0873683173e-01 7.7724866798e-01 1.5913509298e-01
6.6563612456e-01 3.9120490415e-01 6.3552126058e-01
-1.6616631780e+00 -2.8270630712e-01 2.8799226120e-01
1.6202198847e+03 -6.9397950541e-02 7.4888271686e-02
4.1624221992e-01 6.0213221184e-01 -6.8130698941e-01
-6.6033319284e-01 7.1528964772e-01 2.2873739157e-01
6.2506198796e-01 3.5467945997e-01 6.9534163681e-01
-1.5796919878e+00 -2.9540317590e-01 2.9286781460e-01
1.6019508965e+03 -3.3531813670e-02 1.2201442312e-02
6.6537374624e-01 -5.1412913103e-01 5.4124764613e-01
6.2323985720e-01 7.8167270248e-01 -2.3661500253e-02
-4.1091344370e-01 3.5307084675e-01 8.4053026059e-01
1.4401056878e+00 -5.6185880420e-01 5.1039924000e-01
1.5868045144e+03 -2.4683575329e-02 1.2756199780e-02
6.2577285471e-01 -4.7903170950e-01 6.1557855355e-01
6.2336386992e-01 7.8151511509e-01 -2.5526663874e-02
-4.6885586269e-01 3.9970332271e-01 7.8766200482e-01
1.5007908651e+00 -3.7814118186e-01 5.3152254283e-01
0 0 0
0 0 0
0 0 0
0 0 0
0 0 0
0 0 0
0 0 0
0 0 0
0 0 0
0 0 0
1.4955913080e+03 -4.0736583843e-02 3.4840120652e-02
9.5346960506e-01 -1.7948106597e-01 2.4224421395e-01
1.8683844205e-01 9.8236162468e-01 -7.5521473007e-03
-2.3661595213e-01 5.2461274433e-02 9.7018591305e-01
7.8929638474e-01 -6.0425383413e-01 5.7324333788e-01
1.4983020694e+03 -2.7297808630e-04 -4.3371560932e-02
9.3803603595e-01 -2.4275138117e-01 2.4730580703e-01
2.0227398190e-01 9.6300855960e-01 1.7804423717e-01
-2.8137809349e-01 -1.1698838012e-01 9.5243902032e-01
7.5389102465e-01 -7.2313439876e-02 6.4195156666e-01
1.5548698351e+03 -2.4732250670e-02 -2.7000519288e-03
9.9955149619e-01 6.0756327128e-03 -2.9323934777e-02
-6.8105520120e-03 9.9966356026e-01 -2.5027638021e-02
2.9162010304e-02 2.5216125213e-02 9.9925658576e-01
-3.0484863730e-03 -4.2209537220e-01 7.4752896321e-01
1.6939396113e+03 1.5880420834e-01 -1.8694575367e-01
9.6922617620e-01 1.3765938218e-01 -2.0408457529e-01
-1.1712773452e-01 9.8705778738e-01 1.0953546539e-01
2.1652185382e-01 -8.2260676326e-02 9.7280597652e-01
-6.6755084268e-01 -2.3239308990e-01 6.3524126251e-01
1.6697559040e+03 5.8342345859e-02 -1.0503373185e-01
8.4598994559e-01 3.4000953403e-01 -4.1072439510e-01
-3.5032769108e-01 9.3515143417e-01 5.2557625806e-02
4.0195960099e-01 9.9424906010e-02 9.1024346591e-01
-1.2428289995e+00 -3.6536078394e-01 4.3828278245e-01
1.5549532003e+03 -3.2882822183e-02 3.6862426457e-02
4.0601331340e-01 -4.8799399007e-01 7.7266749317e-01
5.9048381204e-01 7.8538399520e-01 1.8574403839e-01
-6.9748265717e-01 3.8083309433e-01 6.0702890970e-01
1.6321478755e+00 -4.8583077991e-02 -5.5157048552e-02
0 0 0
0 0 0
0 0 0
0 0 0
0 0 0
0 0 0
0 0 0
0 0 0
0 0 0
0 0 0
0 0 0
0 0 0
0 0 0
0 0 0
0 0 0
1.5758847113e+03 -2.1967863418e-02 -5.5456497947e-03
9.9218626109e-01 -1.1516328505e-01 4.7998344638e-02
9.9852469029e-02 9.6361507095e-01 2.4794249224e-01
-7.4805800186e-02 -2.4121238112e-01 9.6758497273e-01
3.6051836192e-01 -8.4150990097e-02 1.2399610242e+00
1.5799873394e+03 -4.6104032173e-02 2.7769613045e-02
9.8896761038e-01 -1.3572379294e-01 5.9347431735e-02
8.7162981985e-02 8.5711921646e-01 5.0769012532e-01
-1.1977345364e-01 -4.9691619093e-01 8.5949323383e-01
3.6034864224e-01 2.2063575643e-01 1.2221280647e+00
1.5887129458e+03 6.0735764557e-02 -9.3795747719e-02
8.6721261358e-01 -3.4082173413e-01 3.6301904688e-01
1.7266111083e-01 8.8963672075e-01 4.2277020460e-01
-4.6704434871e-01 -3.0395238219e-01 8.3035084494e-01
5.7146406834e-01 1.4423975246e-01 1.0953844433e+00
2.5167941714e+03 -2.2560429742e-02 -5.8604950010e-01
9.0724480518e-01 2.0256272051e-01 -3.6861254419e-01
-9.3630865678e-03 8.8590008022e-01 4.6378160860e-01
4.2049874683e-01 -4.1731210398e-01 8.0562485797e-01
-2.2190756208e-01 2.1054546442e-01 1.0838098272e+00
1.7412096246e+03 -8.4526932025e-02 2.1606226633e-01
7.5318710106e-01 -4.2079154223e-01 5.0561217231e-01
4.5116522467e-01 8.8981092024e-01 6.8457769913e-02
-4.7870568291e-01 1.7655312005e-01 8.6004061820e-01
1.2909608107e+00 -1.3733523145e-01 4.1066583140e-01
1.5652634977e+03 -3.3279525975e-02 6.3715649028e-03
9.9694133232e-01 -6.1666008171e-02 -4.8013366385e-02
6.2097458388e-02 9.9804156805e-01 7.5454698493e-03
4.7454036469e-02 -1.0503898786e-02 9.9881819293e-01
4.5333844040e-01 -5.4585055618e-01 1.0541873687e+00
0 0 0
0 0 0
0 0 0
0 0 0
0 0 0
1.6820339096e+03 4.4233478390e-02 -1.1107805042e-01
8.6636667220e-01 2.3315497782e-01 -4.4164187485e-01
-1.9731609130e-01 9.7218691110e-01 1.2617040066e-01
4.5877570709e-01 -2.2166781654e-02 8.8827556782e-01
-9.1909463485e-01 -3.3666560539e-01 8.3249926467e-01
-2.5089243600e-01 7.0455006632e-01 -1.5820885140e+00
169 182 229
18 61 222 -382.0000 608.2600 68 73 -161.8500 630.2200 1 274 68.8300 140.1600 2 275 -662.4400 68.3800 59 265 69.9800 91.4200 62 277 -842.9900 550.0701 69 76 -267.3500 -1.9300 0 284 55.9000 303.9600 60 260 -74.7300 468.1200 73 125 671.3500 369.6700 43 96 -433.9500 664.0900 38 121 107.2800 504.7200 31 64 229.7500 530.1000 32 61 -468.7900 602.4800 30 104 426.6600 416.9200 42 80 678.8800 719.9000 56 94 163.3700 284.5901 64 312 -97.6300 170.9500
-2.5086466463e-01 7.2550424717e-01 -1.5783448343e+00
200 217 233
15 61 302 -384.9200 649.2500 68 112 -171.2000 700.4700 1 280 66.6300 182.6900 2 284 -666.8800 114.6300 59 267 65.2900 127.1300 62 377 -841.2700 587.2800 0 286 49.8101 335.9900 60 265 -82.7200 502.8400 38 132 125.8199 582.9700 31 68 207.9000 596.3500 49 32 -714.4500 693.7700 72 191 -3.0800 709.3101 30 154 403.8700 472.4100 56 95 129.0000 381.1400 64 314 -119.8000 223.2300
-2.4906907125e-01 7.4005336818e-01 -1.5754047284e+00
164 180 223
9 61 227 -381.6600 679.9500 68 116 -167.6400 752.8000 1 285 69.6300 213.8301 2 287 -666.5000 149.0100 59 273 65.6899 153.6600 62 286 -838.4100 613.3700 69 84 -268.7200 112.0500 0 287 48.5100 359.6700 73 129 676.8800 475.8800
-2.4909356175e-01 7.4008599081e-01 -1.5756137230e+00
164 180 223
15 61 226 -381.6600 679.9500 68 115 -167.6400 752.8000 1 284 69.6300 213.8301 2 288 -666.5000 149.0100 59 272 65.6899 153.6600 62 285 -838.4100 613.3700 69 83 -268.7200 112.0500 0 288 48.5100 359.6700 60 266 -84.1000 529.5601 75 417 -643.2200 563.1700 73 128 676.8800 475.8800 31 71 196.8900 645.5400 32 81 -505.3700 748.0601 72 134 -10.7800 748.5000 30 108 394.2400 514.0900
1.6025942891e-02 7.0548325699e-01 -1.5917429120e+00
233 240 254
12 61 221 120.2100 606.1700 68 110 722.4700 670.9200 1 277 603.9600 169.6700 2 211 -60.1800 46.0500 59 276 465.4800 164.3100 62 201 -410.8200 513.1500 0 396 390.9700 380.3500 3 180 -739.5100 308.3101 75 156 -106.8500 414.8300 44 100 -41.2300 603.3800 37 104 -248.2600 653.6000 45 100 -905.7100 672.7300
-1.2604021027e-01 6.8340302943e-01 -1.5775193618e+00
206 212 237
14 61 285 -149.3000 572.6899 68 171 287.6300 606.3700 1 351 325.7600 109.5400 2 355 -391.4900 7.5600 59 364 275.3199 92.1400 62 352 -660.9400 502.4399 0 520 232.2100 312.5701 60 430 131.3199 461.9500 3 287 -1061.0601 301.9600 63 329 -805.7200 403.6100 75 285 -453.2500 403.7500 44 137 -717.7000 468.2700 43 122 207.9301 580.5601 38 118 568.9301 482.7000
-1.2605684276e-01 6.8341198566e-01 -1.5775347229e+00
206 212 237
15 61 286 -149.3000 572.6899 68 172 287.6300 606.3700 1 352 325.7600 109.5400 2 356 -391.4900 7.5600 59 365 275.3199 92.1400 62 353 -660.9400 502.4399 69 117 169.4301 -18.7700 0 521 232.2100 312.5701 60 431 131.3199 461.9500 3 288 -1061.0601 301.9600 63 330 -805.7200 403.6100 75 286 -453.2500 403.7500 44 138 -717.7000 468.2700 43 123 207.9301 580.5601 38 119 568.9301 482.7000
-1.4689541292e-01 7.1999772446e-01 -1.5671665616e+00
179 188 220
11 61 299 -191.8100 649.9900 68 178 202.3700 737.0300 1 364 284.4500 183.3700 2 368 -445.9400 92.5500 59 368 239.7300 149.6400 62 371 -695.7200 575.1000 0 525 198.7200 362.3500 44 150 -872.3100 652.1600 73 183 989.8101 445.0701 38 138 496.7800 646.9700 72 263 198.6100 770.0100
8.8691471675e-03 6.9881794216e-01 -1.5915884805e+00
239 243 255
15 61 294 105.4200 594.6600 68 176 709.4000 650.8000 1 360 588.3400 156.2500 2 271 -79.0800 32.2100 59 369 456.8400 152.7800 62 273 -426.0600 503.4800 0 529 384.0400 370.0601 3 216 -755.6800 293.9199 63 318 -616.7300 361.3900 75 224 -131.0000 399.9700 44 145 -78.7500 569.2500 43 97 913.7500 700.7800 37 103 -282.4500 633.6100 45 127 -929.7700 637.0000 33 84 -449.8000 731.2500
-2.0299855603e-01 6.9957539080e-01 -1.5752572840e+00
219 236 254
18 61 520 -295.6900 604.8500 68 275 11.0699 642.3700 1 620 168.0300 135.5000 2 647 -564.8200 52.7700 59 606 152.1100 98.0800 69 239 -99.7200 10.8900 0 665 126.6899 313.8201 60 527 6.7600 475.3700 73 228 818.4800 369.9200 43 178 -197.2400 653.3300 31 201 372.1200 533.5000 32 242 -254.6100 600.2600 49 143 -540.4900 658.7200 72 340 112.5699 682.9200 30 308 538.9900 422.7500 42 135 940.7000 706.1100 56 223 326.5400 388.3600 64 665 -23.0800 227.4700
-1.8254263292e-01 7.1006429484e-01 -1.5705157239e+00
217 228 246
6 61 531 -258.8700 627.6600 68 232 79.1200 690.0699 1 638 211.7800 159.3100 0 667 153.7200 336.6700 60 535 37.7300 499.6600 73 233 882.3800 406.7000
-1.8264382516e-01 7.0995602475e-01 -1.5702424251e+00
217 228 246
11 61 532 -258.8700 627.6600 68 233 79.1200 690.0699 1 639 211.7800 159.3100 59 478 184.7500 121.5900 0 668 153.7200 336.6700 60 536 37.7300 499.6600 73 234 882.3800 406.7000 43 149 -98.9600 717.8199 32 184 -191.5600 648.6500 49 100 -455.0000 717.3500 72 345 144.7100 723.5800
-1.5096686191e-01 7.0434455720e-01 -1.5700569713e+00
231 243 255
11 61 528 -198.4600 617.2800 68 288 192.3199 683.4600 1 629 275.9700 150.3900 59 616 236.1300 121.3600 62 579 -703.0500 546.0800 69 246 77.5500 49.0000 0 670 197.6400 338.2200 75 509 -502.0200 469.2800 44 233 -865.9300 567.3101 73 232 977.0200 397.0800 38 225 463.4800 576.6400
-6.3787733564e-02 7.0250432065e-01 -1.5840410069e+00
235 245 255
13 61 522 -30.0900 605.2500 68 283 478.7900 662.2300 1 491 449.3199 155.9100 59 618 357.8900 140.4400 62 459 -546.4800 523.3101 0 673 300.5400 357.0200 60 534 212.6400 497.6400 44 182 -423.2100 575.5701 38 177 920.9700 566.8700 31 200 643.6801 519.5701 32 238 154.3500 576.0601 49 151 64.5400 697.9200 30 307 746.4200 417.8201
7.5795932549e-02 6.9661711946e-01 -1.6056614996e+00
240 244 255
14 61 288 229.0100 580.6899 68 224 889.1200 628.8201 1 492 710.0800 158.1500 59 488 535.8700 163.4000 62 269 -303.1100 480.3800 0 680 450.2900 380.3000 3 213 -588.9800 265.3101 63 310 -512.5900 318.3101 75 220 53.2800 361.0000 44 142 248.9000 566.4800 70 146 -604.8300 324.4399 37 100 -47.9800 608.8900 45 126 -589.7800 597.0300 49 30 664.0300 665.0400
7.5698635335e-02 6.9663228301e-01 -1.6054746969e+00
240 244 255
14 61 289 229.0100 580.6899 68 223 889.1200 628.8201 62 270 -303.1100 480.3800 69 176 748.3199 29.0600 0 681 450.2900 380.3000 60 432 390.9800 495.4100 3 214 -588.9800 265.3101 63 311 -512.5900 318.3101 75 221 53.2800 361.0000 44 143 248.9000 566.4800 70 145 -604.8300 324.4399 49 29 664.0300 665.0400 33 115 -198.7900 659.8000 4 105 -1049.8400 568.8800
-6.1107326467e-02 7.2830895541e-01 -1.5798638241e+00
204 223 245
9 61 417 -25.0699 657.3900 68 244 477.1500 746.7100 1 501 454.5699 208.9000 2 519 -240.5400 104.6700 59 491 357.8600 183.6200 62 464 -542.2400 571.4399 0 685 297.2000 395.7100 60 435 207.4100 539.2500 44 191 -438.8600 714.2500
-1.5464705316e-02 7.3121641955e-01 -1.5825340203e+00
237 241 253
14 61 538 59.8500 661.0601 68 298 617.0000 758.9200 1 503 545.8101 219.0500 2 376 -134.0000 107.6100 62 369 -463.1900 568.2000 69 262 477.6801 134.8500 0 693 350.3900 410.7200 60 545 269.1500 548.6400 3 296 -819.1400 383.2800 63 451 -642.9700 432.8700 75 408 -178.9100 501.7900 44 197 -210.8400 738.3500 54 228 -194.7900 -359.4600 70 152 -979.3300 456.2500
9.0744163784e-03 7.3062766549e-01 -1.5882413107e+00
237 241 253
11 61 413 107.2400 656.2800 68 241 688.1000 746.2500 1 506 590.7900 220.8301 2 373 -75.8700 104.9500 62 366 -418.4300 561.0200 69 260 547.6700 127.3500 0 694 375.5800 415.0100 3 294 -756.7200 373.6200 63 331 -604.0000 418.0601 75 299 -112.3100 490.5300 44 159 -84.3800 738.3600
8.9552548395e-03 7.3071414643e-01 -1.5884426575e+00
237 241 253
10 61 414 107.2400 656.2800 68 242 688.1000 746.2500 1 507 590.7900 220.8301 2 374 -75.8700 104.9500 59 498 450.8800 203.3600 62 367 -418.4300 561.0200 0 695 375.5800 415.0100 63 332 -604.0000 418.0601 75 300 -112.3100 490.5300 44 160 -84.3800 738.3600
1.0065946238e-01 7.2857710233e-01 -1.6050700283e+00
236 239 254
15 61 409 275.9100 640.1000 68 294 936.8900 720.9100 1 509 758.4500 224.5400 2 367 136.2500 93.1200 62 360 -253.5700 532.9900 69 255 782.3600 115.9100 0 700 469.0800 430.3900 60 543 410.6801 545.1200 3 293 -529.3100 335.3700 63 317 -462.3800 361.8201 75 294 140.3101 446.3201 44 194 373.9200 737.8900 70 206 -545.2500 414.9700 37 134 76.6100 727.0900 33 199 -157.7600 756.4900
-2.5147659303e-01 6.9331062684e-01 -1.5839029468e+00
223 240 255
13 61 793 -382.5000 585.7800 68 271 -158.7400 593.6100 1 766 69.0200 118.1100 2 815 -661.1600 44.5500 0 858 58.7300 287.6599 60 669 -72.1300 448.3800 73 362 668.4800 335.4900 43 217 -424.3400 604.4800 38 417 94.8300 461.9000 31 245 240.9800 493.9700 72 443 21.8800 629.0601 30 369 437.3300 386.8101 42 156 666.7400 656.8101
-1.9684156883e-01 6.9769669082e-01 -1.5747959713e+00
221 238 255
10 61 628 -284.1900 600.9299 68 274 33.3101 639.7400 59 605 163.1500 96.2800 0 859 135.9800 312.8500 60 525 17.6100 473.6899 73 288 837.2200 365.7000 38 261 275.2300 516.8800 32 241 -233.1200 598.4600 49 142 -514.7700 659.8101 42 134 974.4800 698.8600
-2.6764466004e-01 7.1396704287e-01 -1.5816947864e+00
223 240 255
15 61 640 -413.3600 626.1300 68 364 -223.3300 655.6600 1 777 33.8900 157.7300 2 826 -699.2800 92.0400 59 742 39.9700 102.7400 62 738 -866.3300 567.7500 69 340 -326.2600 21.5200 0 860 29.0699 312.8800 73 289 622.0699 393.1300 43 232 -523.4300 711.0900 38 340 63.9600 528.8101 32 248 -555.0200 641.1700 49 247 -781.9500 642.8300 72 445 -27.4000 667.6799 42 160 595.9301 765.2700
-2.6762653602e-01 7.1400128589e-01 -1.5817597712e+00
223 240 255
15 61 641 -413.3600 626.1300 68 365 -223.3300 655.6600 1 778 33.8900 157.7300 2 827 -699.2800 92.0400 59 743 39.9700 102.7400 62 739 -866.3300 567.7500 69 341 -326.2600 21.5200 0 861 29.0699 312.8800 73 290 622.0699 393.1300 43 233 -523.4300 711.0900 31 252 169.7700 559.0200 32 249 -555.0200 641.1700 49 248 -781.9500 642.8300 72 446 -27.4000 667.6799 42 161 595.9301 765.2700
-2.3805287850e-01 7.1296152606e-01 -1.5785754330e+00
204 222 246
15 61 638 -359.5900 626.6300 68 285 -119.3300 666.9100 1 779 94.3800 158.7600 2 825 -638.0700 86.1300 59 612 89.7300 109.9900 62 736 -825.1200 564.9299 69 243 -225.4500 32.9400 0 863 72.1600 321.5900 60 533 -56.1600 486.5100 73 291 710.4000 398.6400 43 236 -379.4900 715.7500 31 254 259.1899 562.0000 32 182 -422.2000 642.9900 72 450 33.0699 687.9900 30 381 447.6600 444.8300
-2.3805434921e-01 7.1296885003e-01 -1.5785570170e+00
204 222 246
13 61 639 -359.5900 626.6300 68 286 -119.3300 666.9100 1 780 94.3800 158.7600 2 824 -638.0700 86.1300 59 613 89.7300 109.9900 0 864 72.1600 321.5900 60 532 -56.1600 486.5100 73 292 710.4000 398.6400 43 235 -379.4900 715.7500 31 253 259.1899 562.0000 32 181 -422.2000 642.9900 30 380 447.6600 444.8300 42 138 756.2400 771.7800
-1.3926400474e-01 6.9561633875e-01 -1.5726155663e+00
229 237 253
10 61 517 -175.8800 600.0601 68 280 238.2200 653.0800 1 617 300.2600 133.7700 2 641 -425.6900 36.5800 62 569 -683.6000 527.9299 0 865 213.7700 328.0800 60 530 108.4200 483.7000 75 501 -480.7100 443.0701 43 176 138.5800 646.2200 38 217 511.8300 538.9399
-1.4986934164e-01 7.0876754867e-01 -1.5691941728e+00
205 216 235
12 61 635 -196.7400 626.5100 68 370 197.0100 697.4700 1 781 278.7500 159.5100 59 748 237.0300 129.1100 0 866 197.7000 344.8600 60 681 89.1500 503.9100 63 724 -832.3800 459.3500 75 637 -499.1400 481.0300 44 287 -869.0000 591.1000 73 295 980.1001 410.8201 43 192 78.5601 721.6400 38 230 472.7400 596.1400
-1.4985680034e-01 7.0873625766e-01 -1.5691526040e+00
205 216 235
16 61 637 -196.7400 626.5100 68 372 197.0100 697.4700 1 783 278.7500 159.5100 2 649 -451.2300 66.5000 59 749 237.0300 129.1100 62 584 -701.1300 554.5300 69 351 79.3101 63.3800 0 867 197.7000 344.8600 60 682 89.1500 503.9100 63 725 -832.3800 459.3500 75 639 -499.1400 481.0300 44 289 -869.0000 591.1000 73 296 980.1001 410.8201 43 194 78.5601 721.6400 38 231 472.7400 596.1400 49 160 -316.1200 734.0000
-1.1787044503e-01 7.0835999972e-01 -1.5755133805e+00
207 215 227
16 61 529 -134.3100 621.7900 68 290 302.2500 687.7500 1 784 342.1500 162.1100 2 516 -373.5600 63.5300 59 753 282.2400 136.4700 62 580 -644.6600 546.1000 69 248 182.1801 59.3900 0 868 235.5500 351.8800 60 679 134.2600 503.4700 3 388 -1047.4301 359.4900 63 580 -786.6300 442.1300 75 505 -425.2300 467.8500 44 237 -704.3000 595.5400 43 195 253.0699 726.6700 37 284 -610.2200 654.9399 38 179 631.2800 591.3000
-1.1787847635e-01 7.0837378989e-01 -1.5755274108e+00
207 215 227
17 61 530 -134.3100 621.7900 68 291 302.2500 687.7500 1 785 342.1500 162.1100 2 517 -373.5600 63.5300 59 754 282.2400 136.4700 62 581 -644.6600 546.1000 69 249 182.1801 59.3900 0 869 235.5500 351.8800 60 680 134.2600 503.4700 3 389 -1047.4301 359.4900 63 581 -786.6300 442.1300 75 506 -425.2300 467.8500 44 238 -704.3000 595.5400 73 294 1063.1499 410.8500 43 196 253.0699 726.6700 37 285 -610.2200 654.9399 38 180 631.2800 591.3000
-2.2637326899e-01 7.3941173572e-01 -1.5714500342e+00
216 232 255
10 61 647 -339.8900 682.3400 68 380 -88.6000 764.9500 1 795 116.8101 215.4199 59 761 104.8101 159.9200 0 871 82.3101 366.9200 60 538 -44.7800 536.4000 31 260 265.3000 651.6500 72 459 37.1300 765.0900 30 388 447.6801 520.5400 64 674 -95.6900 290.1599
-2.0550780874e-01 7.3980366510e-01 -1.5678672956e+00
218 235 255
12 61 648 -303.0400 685.4100 68 305 -13.0500 781.0601 1 798 161.9500 220.8800 2 660 -577.4400 144.5500 59 625 140.5400 166.5700 0 873 112.4900 374.4200 60 541 -10.7000 543.1799 73 300 811.6600 489.6500 31 262 324.0900 657.3500 32 255 -316.7500 759.8900 72 460 78.6300 781.1500 30 391 494.2500 527.5300
-1.4313086752e-01 7.3263118334e-01 -1.5648718955e+00
227 234 253
10 61 646 -184.5900 676.2100 68 540 211.7700 780.0000 1 792 292.1300 210.8900 59 770 242.4500 172.3900 62 592 -689.9600 599.8500 69 524 91.1801 139.5400 0 875 199.8600 383.7000 60 694 91.2300 545.3500 75 651 -479.7300 545.1100 73 299 1001.1799 486.2100
9.9673728115e-02 7.1122437967e-01 -1.6074798286e+00
231 235 250
18 61 408 273.2700 607.3500 68 284 943.7400 668.3101 1 640 754.4700 188.2700 2 514 132.3900 53.6900 69 250 795.5601 68.4800 0 878 471.1400 405.0900 60 684 414.7900 517.6899 3 282 -531.1900 293.5200 63 426 -470.3800 330.9900 75 281 128.9500 394.3400 44 241 364.4600 642.2300 53 170 -226.8600 -194.5700 70 203 -536.3400 366.1700 37 129 55.8600 660.8600 45 145 -475.4200 667.1400 49 52 743.3300 710.8101 33 196 -139.9000 694.9900 4 116 -996.3600 591.6100
-2.6256548831e-01 6.1279081378e-01 -1.6214153275e+00
98 118 132
14 61 991 -384.2500 417.3400 68 456 -167.9200 268.5200 1 1020 51.8500 -38.0500 59 989 59.2400 -65.9700 0 1075 53.8199 158.9200 60 865 -71.2400 293.8201 73 486 616.2700 98.5100 43 359 -373.8000 242.1899 38 325 38.6899 121.5100 31 303 254.2200 173.7400 32 291 -430.3200 151.9300 49 204 -770.5300 213.4400 72 514 35.9700 413.9700 42 236 538.7100 289.8900
-2.3205287682e-01 6.1177260810e-01 -1.6249293607e+00
95 113 127
14 61 769 -327.9500 414.2000 68 458 -60.9800 269.4199 1 1022 109.9399 -36.2000 59 992 105.8500 -57.5600 0 1077 92.3700 167.4300 60 869 -23.3900 297.6899 63 943 -882.6700 319.0200 73 360 694.7000 100.4400 43 362 -243.3100 244.9600 38 322 138.7100 105.1200 32 295 -308.7300 159.0900 49 200 -634.3300 212.9600 42 240 664.1100 295.0801 56 452 249.7000 -13.8800
-2.3212072090e-01 6.1186357441e-01 -1.6250005773e+00
95 113 127
15 61 770 -327.9500 414.2000 68 459 -60.9800 269.4199 59 993 105.8500 -57.5600 0 1078 92.3700 167.4300 60 870 -23.3900 297.6899 63 944 -882.6700 319.0200 73 361 694.7000 100.4400 43 363 -243.3100 244.9600 38 323 138.7100 105.1200 31 306 325.0400 176.6400 32 296 -308.7300 159.0900 49 201 -634.3300 212.9600 30 449 506.6500 119.5200 42 241 664.1100 295.0801 56 453 249.7000 -13.8800
-2.3652936008e-01 7.2785436841e-01 -1.5758652756e+00
171 188 232
8 61 808 -357.9400 656.8101 68 520 -118.8700 718.3300 1 1068 96.6300 190.0200 59 1023 89.2900 136.2300 69 505 -223.7000 80.8700 0 1111 70.0100 344.9000 60 902 -58.8800 512.3000 73 372 715.0300 443.1000
-2.3652150922e-01 7.2782654883e-01 -1.5757930599e+00
171 188 232
10 61 809 -357.9400 656.8101 68 521 -118.8700 718.3300 1 1069 96.6300 190.0200 2 831 -638.3500 119.8800 59 1024 89.2900 136.2300 0 1112 70.0100 344.9000 60 903 -58.8800 512.3000 73 373 715.0300 443.1000 31 319 246.5200 610.1500 72 552 24.2300 726.7400
-2.0466816633e-01 7.4158474038e-01 -1.5675305851e+00
229 241 255
6 61 824 -301.5900 690.2600 68 386 -11.7100 786.5601 59 766 141.4100 170.0700 0 1124 113.2500 377.7600 73 381 815.3400 496.7600 72 561 79.1801 787.6200
-5.9642732632e-02 7.1702642301e-01 -1.5812788213e+00
184 200 230
11 61 801 -22.5900 634.5701 68 518 487.2500 711.6600 1 1062 457.0200 185.7700 59 1032 361.8900 165.1400 60 907 213.1801 521.6300 44 375 -423.4000 652.0300 43 318 569.2300 791.5400 38 273 960.9600 641.9200 32 400 146.9900 620.6899 49 420 81.0300 749.9900 72 695 314.7800 793.8900
-2.2904277882e-01 7.0822412908e-01 -1.5778759695e+00
223 239 254
8 61 1033 -343.2900 618.5000 68 499 -85.5100 656.1300 1 1488 113.6400 149.8200 59 1491 106.3900 104.8800 69 702 -192.6500 22.7700 0 1444 86.7500 316.7900 60 1275 -39.9500 481.3600 42 185 802.8101 747.7500
6.9829737868e-02 6.9065642949e-01 -1.6057056088e+00
182 184 214
17 61 788 218.5300 569.9700 68 665 876.2800 610.9200 1 1479 698.3900 145.7000 2 808 62.7100 10.2400 59 1515 529.4100 152.6500 62 915 -314.1100 470.8201 69 697 738.4200 11.5400 0 1485 445.2200 370.6899 3 564 -603.0300 252.9800 63 939 -523.8600 311.2300 75 621 34.6000 345.7800 44 360 220.4200 535.4900 70 443 -621.0200 305.8600 37 280 -75.7800 587.1200 45 252 -616.5700 568.1200 49 249 644.8400 646.4200 33 354 -210.5900 640.0300
-2.3307141461e-01 7.4760884113e-01 -1.5716225514e+00
177 194 229
16 61 831 -353.2700 697.5400 68 543 -113.7700 787.8900 1 1081 102.2800 231.7900 59 768 91.1700 171.8500 69 525 -216.8200 143.9900 0 1489 69.8500 376.9700 60 919 -59.6800 547.3300 73 384 725.8700 504.1100 38 447 196.3700 676.2800 55 327 177.5500 -303.9700 31 337 236.1000 673.6700 32 346 -442.3500 781.4800 72 558 15.9900 780.5699 30 495 423.6801 538.7300 56 304 155.3300 535.5601 64 860 -115.7200 301.3900
-2.3304408338e-01 7.4756938832e-01 -1.5716763038e+00
177 194 229
11 61 832 -353.2700 697.5400 68 544 -113.7700 787.8900 1 1082 102.2800 231.7900 59 769 91.1700 171.8500 69 526 -216.8200 143.9900 0 1490 69.8500 376.9700 60 920 -59.6800 547.3300 73 385 725.8700 504.1100 55 328 177.5500 -303.9700 72 559 15.9900 780.5699 56 305 155.3300 535.5601
-1.9002663651e-01 7.4086798383e-01 -1.5652811846e+00
226 241 253
7 61 1050 -274.4100 691.3900 68 547 41.3400 794.3199 1 1076 193.6100 222.5300 59 1035 166.7100 173.1600 0 1495 134.9301 381.8700 60 922 14.4301 549.4700 73 508 861.6000 499.5500
-2.6591621059e-01 7.3589629119e-01 -1.5779864347e+00
110 119 185
16 61 2374 -412.0000 669.8600 68 1167 -225.3100 729.9800 1 3316 35.2400 203.0300 2 2492 -700.1800 140.8800 59 2461 37.3400 141.0400 69 1417 -324.8400 91.2200 0 2392 25.2200 347.1400 75 2179 -667.9000 552.9900 73 1500 626.6600 458.2600 38 2073 87.7500 606.6799 55 999 110.0000 -411.5100 31 911 151.5500 629.4800 32 568 -575.1100 730.9100 72 1189 -41.6801 725.1500 56 817 57.3400 387.9299 64 1821 -153.5600 225.6500
-1.3326373759e-01 7.3164342830e-01 -1.5666148152e+00
233 239 253
10 61 1418 -165.5000 673.1200 68 922 243.0400 776.2100 2 1693 -415.0400 118.4600 59 2546 257.9399 172.6400 62 1311 -671.3100 594.3700 0 2426 213.0900 384.0300 63 1465 -805.4200 491.7200 44 500 -819.1400 719.5400 73 675 1028.9500 482.4600 38 450 570.1400 701.4100
-2.5099995948e-01 7.0455781328e-01 -1.5819636270e+00
169 182 229
6 61 224 -382.0000 608.2600 68 74 -161.8500 630.2200 1 276 68.8300 140.1600 69 78 -267.3500 -1.9300 60 259 -74.7300 468.1200 73 127 671.3500 369.6700
-2.4905493705e-01 7.4008141439e-01 -1.5754956419e+00
164 180 223
7 61 228 -381.6600 679.9500 68 117 -167.6400 752.8000 1 286 69.6300 213.8301 59 274 65.6899 153.6600 62 287 -838.4100 613.3700 69 85 -268.7200 112.0500 73 130 676.8800 475.8800
8.7484073686e-03 6.9865969435e-01 -1.5910844843e+00
239 243 255
8 61 293 105.4200 594.6600 68 175 709.4000 650.8000 1 359 588.3400 156.2500 2 270 -79.0800 32.2100 62 272 -426.0600 503.4800 75 223 -131.0000 399.9700 44 144 -78.7500 569.2500 33 83 -449.8000 731.2500
-1.4695346418e-01 7.1987490390e-01 -1.5668643644e+00
179 188 220
4 61 300 -191.8100 649.9900 68 179 202.3700 737.0300 1 365 284.4500 183.3700 72 264 198.6100 770.0100
3.2986847654e-02 7.2995195163e-01 -1.5929603775e+00
239 242 254
12 61 303 152.3000 651.6000 68 239 755.5900 738.6000 1 375 635.1600 221.2700 2 279 -19.5000 101.3100 59 378 480.4301 207.3000 62 279 -374.7000 553.3201 60 436 329.6899 546.0900 3 225 -697.3100 363.3201 63 327 -567.1700 403.3400 75 226 -48.1600 478.5400 44 156 38.6700 737.1500 37 135 -166.7900 732.5500
-2.6630986397e-01 7.2973772560e-01 -1.5789571744e+00
195 217 241
13 61 535 -412.1800 657.9800 68 234 -224.0700 709.7600 1 496 34.8600 190.6500 2 521 -700.0300 127.5500 59 479 38.4100 130.4900 62 591 -863.0000 596.3800 69 181 -324.5600 71.4800 73 235 625.8300 440.2300 38 229 81.2800 584.2000 49 92 -768.1200 693.1500 72 342 -37.7300 710.2800 56 177 67.8300 355.5200 64 523 -146.9900 208.6800
-1.5375077692e-01 6.9187724149e-01 -1.5719045574e+00
232 242 254
13 61 513 -202.0800 591.9200 68 273 189.3300 638.0400 1 616 270.6300 124.1100 2 637 -460.0500 28.7500 59 608 233.6801 99.2600 62 567 -707.7400 523.5500 69 235 73.5900 7.7200 60 526 89.3300 474.6600 44 276 -863.7500 505.5300 43 175 61.2500 621.1400 31 250 505.1899 518.7800 32 239 -67.6600 581.1799 30 372 644.9700 412.1000
-1.6615403194e-01 6.9777016812e-01 -1.5711093860e+00
222 237 255
8 61 519 -226.9400 604.1000 68 228 144.6600 655.9500 1 618 244.9900 134.8900 59 609 214.0900 105.5200 73 229 931.8900 374.1400 43 144 -5.2200 652.6200 38 218 392.7600 540.6400 49 148 -390.0000 688.7000
-1.4557576471e-01 6.9673363983e-01 -1.5715687289e+00
224 236 254
14 61 518 -188.1300 602.5300 68 282 216.4900 656.0800 1 619 287.5100 135.5000 2 642 -439.6300 38.9100 59 611 245.6500 110.0600 62 570 -694.9700 531.7900 69 241 98.8600 25.6800 60 531 99.8600 483.8300 43 177 104.5000 651.6200 38 220 482.6700 544.1100 31 314 515.6801 531.6600 32 311 -48.2200 596.5500 49 93 -298.4500 695.4100 30 459 651.7700 423.3201
-2.0907983580e-01 7.0090931671e-01 -1.5762073147e+00
220 236 254
10 61 629 -306.4800 605.3500 68 276 -11.1700 642.5800 1 621 155.3000 137.3300 59 607 141.5699 98.4700 60 528 -3.8700 475.1700 31 251 356.3600 532.8400 72 448 100.1000 680.2100 30 376 525.3800 422.3400 42 136 906.1300 715.2700 56 222 304.7000 379.1300
-1.5092460799e-01 7.0437911033e-01 -1.5701329408e+00
231 243 255
8 61 527 -198.4600 617.2800 68 287 192.3199 683.4600 1 628 275.9700 150.3900 59 615 236.1300 121.3600 62 578 -703.0500 546.0800 69 245 77.5500 49.0000 44 232 -865.9300 567.3101 73 231 977.0200 397.0800
3.0922654934e-03 6.9984184025e-01 -1.5900478540e+00
238 242 254
8 61 514 95.9000 596.4700 68 281 690.7000 655.6100 1 636 579.1200 157.1500 3 380 -770.9000 298.5000 63 571 -625.9600 366.5100 44 234 -103.4300 571.8900 43 188 888.0300 704.4301 37 214 -298.7000 637.4000
-1.8329474828e-01 7.3627161506e-01 -1.5652718777e+00
219 236 254
5 61 541 -261.4300 681.7000 68 304 67.2900 782.5100 1 646 208.1500 213.6799 60 540 27.1899 543.9600 73 238 882.2500 487.4800
-1.4981622879e-01 7.0880679068e-01 -1.5691061906e+00
205 216 235
6 61 636 -196.7400 626.5100 68 371 197.0100 697.4700 1 782 278.7500 159.5100 75 638 -499.1400 481.0300 43 193 78.5601 721.6400 72 453 201.0000 740.8500
-2.0480581386e-01 7.4145846964e-01 -1.5673384367e+00
229 241 255
9 61 825 -301.5900 690.2600 68 387 -11.7100 786.5601 1 799 161.9500 220.8800 59 767 141.4100 170.0700 73 382 815.3400 496.7600 31 332 324.0300 664.0000 72 562 79.1801 787.6200 56 392 267.8300 578.4600 64 1103 -63.9500 324.9100
-1.8572908262e-02 7.3084555063e-01 -1.5817558739e+00
235 239 251
9 61 642 56.0100 661.1600 68 536 610.3800 757.9100 1 800 539.6300 218.8000 62 740 -469.4100 568.6100 3 460 -827.8700 383.7300 63 578 -647.2000 433.9800 75 644 -187.6900 502.9500 44 302 -227.5300 736.7000 37 290 -333.3000 743.0900
-2.5942525685e-02 6.7715907117e-01 -1.5886448423e+00
194 199 219
11 61 1007 40.9800 554.6700 68 483 616.0699 586.9500 1 1026 522.5601 108.3300 2 1199 -159.3000 -14.7100 62 917 -488.9000 470.9200 69 482 490.0699 -24.7400 60 1253 273.1500 463.0000 63 959 -675.7600 342.6100 75 830 -229.2200 351.7500 44 343 -235.0300 453.0601 49 235 246.4301 628.8800
-2.5984468270e-02 6.7717752941e-01 -1.5885096374e+00
194 199 219
11 61 1008 40.9800 554.6700 68 484 616.0699 586.9500 1 1027 522.5601 108.3300 2 1200 -159.3000 -14.7100 62 918 -488.9000 470.9200 69 483 490.0699 -24.7400 60 1254 273.1500 463.0000 3 758 -838.2300 253.5901 63 960 -675.7600 342.6100 75 831 -229.2200 351.7500 44 344 -235.0300 453.0601
4.7762000701e-02 6.7588618518e-01 -1.6066746622e+00
203 208 227
17 61 777 177.4200 541.6600 68 470 820.7600 562.9800 1 1046 656.7100 114.3000 2 1187 12.2100 -20.3600 62 904 -354.2500 447.5601 69 474 691.6600 -35.6600 60 884 362.8000 460.7100 3 742 -652.7200 225.3301 63 936 -559.8700 296.9600 75 816 -30.5400 310.5701 44 464 116.5400 460.2400 70 332 -689.4900 254.7100 37 268 -163.6600 529.7300 45 297 -709.3700 500.9700 49 216 564.5500 591.3800 33 258 -273.6500 588.6300 48 107 -765.5800 694.2400
6.9279494189e-02 6.9612636093e-01 -1.6041657175e+00
238 242 253
16 61 791 217.3400 580.8400 68 495 872.8500 628.8500 1 1053 698.9900 156.7100 2 812 62.0400 22.4700 62 714 -314.5700 481.3101 69 495 732.7900 28.1200 60 898 384.1100 494.8600 3 570 -605.3500 266.4000 75 623 35.2800 363.0100 44 366 218.3700 563.1600 70 445 -626.0800 324.0400 37 282 -74.1900 609.6500 45 255 -625.2600 597.6500 49 375 638.1400 666.0601 33 272 -219.4600 662.8800 48 169 -657.5800 775.2300
-1.2209851937e-01 7.0602361451e-01 -1.5743909272e+00
189 194 216
16 61 799 -142.4300 618.0000 68 511 291.1200 682.6600 1 1056 333.7800 156.9000 2 819 -384.4500 58.3800 59 1022 276.7900 131.5500 62 733 -651.6900 543.0000 69 501 170.6000 53.6900 3 583 -1058.6100 355.4200 63 988 -794.3800 440.7000 75 865 -437.7000 463.9399 44 370 -725.0400 582.6100 54 948 -341.6500 -180.2200 73 502 1052.9900 404.3600 43 313 230.1300 712.1600 38 268 606.8600 583.4600 49 406 -190.5300 719.2100
-1.9254076355e-01 7.2435957520e-01 -1.5689424836e+00
176 193 234
9 61 806 -277.9600 656.1799 68 524 38.6100 735.0400 1 1066 188.8400 187.7700 2 1240 -547.4900 107.1500 59 1025 165.1899 143.7300 69 510 -72.9700 96.2400 60 905 15.8000 520.3300 31 320 375.0699 613.1300 72 556 115.2000 751.8400
-1.9254487576e-01 7.2435373018e-01 -1.5690033241e+00
176 193 234
9 61 807 -277.9600 656.1799 68 525 38.6100 735.0400 1 1067 188.8400 187.7700 2 1241 -547.4900 107.1500 59 1026 165.1899 143.7300 69 511 -72.9700 96.2400 60 906 15.8000 520.3300 32 329 -247.4200 701.6899 72 557 115.2000 751.8400
-6.0563413076e-02 7.2676200353e-01 -1.5800726839e+00
166 180 226
9 61 804 -24.0400 654.3000 68 528 479.1200 742.5900 1 1071 455.5699 206.1500 2 1236 -239.5200 101.4500 59 1040 358.7900 181.2000 62 959 -541.6300 568.3300 69 518 347.9700 116.0500 60 913 208.5400 537.0200 44 381 -434.5500 705.2600
3.3197811546e-02 7.4500608919e-01 -1.5921457596e+00
181 185 207
5 61 814 153.1200 680.6100 68 725 745.6400 781.3800 1 1088 636.0400 251.6699 62 963 -371.5800 580.2500 75 873 -39.0601 521.3900
-2.3802029578e-01 6.1203047483e-01 -1.6241419166e+00
91 111 131
10 61 771 -339.2900 414.9200 68 460 -81.3300 269.4299 1 1433 98.2000 -36.5500 60 868 -32.9600 297.1500 73 489 680.6300 100.3800 43 364 -269.0400 244.6300 38 324 118.0200 108.7300 32 294 -331.1200 158.0200 49 202 -660.9900 213.2700 42 239 639.0300 294.3000
-6.0917762307e-02 6.7892551475e-01 -1.5865193060e+00
196 210 236
9 61 1370 -24.5601 558.9500 68 657 502.6600 588.4000 1 1441 453.6300 108.4000 2 1632 -239.3100 -7.2400 69 689 380.2800 -26.7600 60 1248 224.2100 461.0100 43 372 542.6400 573.7100 38 333 924.0500 456.1200 49 348 89.9000 625.3000
-6.4445731611e-02 6.7966147587e-01 -1.5877155290e+00
216 229 245
6 61 1010 -31.5300 559.3500 68 485 488.7900 587.0400 1 1446 446.0000 108.8600 32 521 176.2600 502.4000 49 344 72.9301 621.9299 33 195 -807.9100 692.0000
-2.0556940859e-03 6.7659396150e-01 -1.5944080975e+00
204 209 228
12 61 1004 85.5000 550.0400 68 649 686.0100 579.0300 1 1447 566.3199 109.4900 62 911 -446.2800 463.0400 69 682 558.2900 -28.5200 3 751 -778.7900 243.7300 63 948 -639.3600 327.4800 75 823 -166.5700 338.2200 44 448 -120.3700 453.7700 70 435 -889.1100 265.3800 45 304 -961.4700 524.8300 33 265 -474.1100 640.7000
-9.2980767179e-03 6.7697302237e-01 -1.5928091679e+00
212 215 232
14 61 1363 71.6500 551.7700 68 651 664.7100 582.0000 1 1449 552.9800 109.3400 2 1624 -121.3700 -16.4500 62 1206 -459.8900 465.8000 69 684 536.9800 -26.9200 3 755 -796.4300 246.9800 63 954 -649.7900 332.1200 75 1087 -186.0000 343.1400 44 452 -155.6500 454.1300 70 437 -920.2300 267.5500 45 306 -997.0100 529.4500 49 341 319.6300 621.7200 33 269 -507.5400 649.5900
