# Bundle file v0.3
39 3200
4.8630985780e+02 -5.0528371737e-02 1.8403807865e-01
-9.3769827762e-01 -2.7906028566e-01 2.0699588671e-01
2.6844859522e-01 -2.0365921106e-01 9.4151913283e-01
-2.2058397918e-01 9.3842862420e-01 2.6588423309e-01
4.4475796610e-01 1.2822427224e+00 -2.0101114485e+00
4.6236513418e+02 1.4838605588e-02 -1.9916597118e-02
-9.6602654445e-01 -2.0894046143e-01 1.5210719573e-01
2.2538725630e-01 -3.9310339331e-01 8.9144282310e-01
-1.2646462001e-01 8.9544045349e-01 4.2684082999e-01
3.8533731329e-01 1.2233346111e+00 -1.4250692260e+00
4.9236116363e+02 -4.8203082168e-02 5.3955803085e-02
-9.2596283198e-01 3.0919572428e-01 -2.1677370200e-01
-3.2643778932e-01 -3.6686712881e-01 8.7111817769e-01
1.8981887023e-01 8.7738618287e-01 4.4063849426e-01
-2.5920246996e-01 1.4375316402e+00 -1.1835359238e+00
4.6455904973e+02 -1.2568568233e-02 -2.9922670310e-03
4.3250753269e-01 -7.2432856243e-01 5.3692212453e-01
8.4396930108e-01 5.3477662807e-01 4.1590586672e-02
-3.1725865315e-01 4.3515754815e-01 8.4260599054e-01
7.2967143045e-01 -3.1790934178e-02 -5.8371751738e-01
4.5773092153e+02 -3.7442556005e-02 3.2391127690e-02
9.9525329381e-01 -6.9800595914e-03 -9.7067811016e-02
-1.0898405359e-02 9.8315637031e-01 -1.8244115838e-01
9.6706286910e-02 1.8263304816e-01 9.7841354436e-01
-2.5983243746e-01 -2.9637462408e-01 -4.6293846235e-01
4.5463724300e+02 -1.6558609709e-02 -7.1382183518e-03
9.9999519643e-01 1.3672471447e-03 -2.7816817831e-03
-1.3830490605e-03 9.9998287396e-01 -5.6867352157e-03
2.7738589715e-03 5.6905551014e-03 9.9997996144e-01
-5.9351924203e-03 -5.7675550417e-03 -5.2679394826e-03
4.5409495054e+02 -3.2139199406e-02 1.5367766993e-02
9.3406314100e-01 2.7124603652e-01 -2.3227491536e-01
-2.9282155608e-01 9.5406231455e-01 -6.3408487228e-02
2.0440544252e-01 1.2724263290e-01 9.7058112873e-01
-4.1657457536e-01 -7.1139393717e-02 -3.5602444024e-01
4.5781426359e+02 -3.2095168909e-02 2.1411762602e-02
4.5041092106e-01 -7.2015659008e-01 5.2773524419e-01
6.7554006237e-01 6.6136410346e-01 3.2594960775e-01
-5.8375990469e-01 2.0969503673e-01 7.8438024277e-01
6.6837717394e-01 4.6977678572e-01 -3.3082530375e-01
4.5605914894e+02 -2.1456785919e-02 1.5770553045e-02
2.4417578707e-01 -6.9798964165e-01 6.7319287366e-01
8.0869218345e-01 5.2967240795e-01 2.5585951748e-01
-5.3515898333e-01 4.8193111583e-01 6.9379194443e-01
8.5006345229e-01 2.3770715231e-01 -5.5286743532e-01
4.5768596021e+02 -2.3238742271e-02 2.1652749308e-02
3.5697516250e-01 -6.1649647537e-01 7.0178403317e-01
8.4255407424e-01 5.3688779191e-01 4.3059620035e-02
-4.0332538395e-01 5.7591978153e-01 7.1108722384e-01
8.8958380162e-01 1.1228124269e-01 -5.8460234513e-01
4.7683988751e+02 -3.2910603223e-02 2.8258491948e-02
-9.2609592780e-01 -2.5618827677e-01 2.7697274119e-01
3.4214412838e-01 -2.6087314885e-01 9.0270847765e-01
-1.5900857818e-01 9.3075924226e-01 3.2924687547e-01
2.8527086233e-01 1.1903305819e+00 -1.9244138672e+00
4.8465677878e+02 -4.5405553612e-02 8.2270020533e-02
-9.9400362543e-01 4.8345567849e-02 9.8079043104e-02
7.6680745700e-02 -3.3125337002e-01 9.4042079310e-01
7.7954190815e-02 9.4230245193e-01 3.2555987654e-01
1.6453654640e-01 1.1994848034e+00 -1.9059483050e+00
4.6206166689e+02 -3.8235723163e-02 3.8346720506e-02
-9.7002148820e-01 1.9218800690e-01 1.4873494020e-01
1.6408974129e-01 6.6527138650e-02 9.8419952074e-01
1.7925643430e-01 9.7910056165e-01 -9.6068834370e-02
2.7779971016e-01 1.4535672186e+00 -1.8007837201e+00
4.6329292685e+02 -4.3595079029e-02 4.8690119953e-02
-9.3298427505e-01 3.1586422789e-01 -1.7254023310e-01
-1.5714953650e-01 7.3772993132e-02 9.8481549981e-01
3.2379679690e-01 9.4593199281e-01 -1.9191125507e-02
-1.8426650009e-01 1.5633178138e+00 -1.5705152566e+00
4.6691444328e+02 -3.0168668348e-02 2.1436132615e-02
-7.4292672353e-01 4.7244333908e-01 -4.7419107417e-01
-4.8584253159e-01 1.0671883391e-01 8.6750684435e-01
4.6045294871e-01 8.7487620944e-01 1.5024879428e-01
-6.9281730504e-01 1.4179621959e+00 -1.3892709974e+00
4.6656833948e+02 -1.7269771322e-02 -2.7280097214e-03
-7.2159523966e-01 4.9730550817e-01 -4.8165085035e-01
-4.9287786203e-01 1.1954620134e-01 8.6184692311e-01
4.8618075159e-01 8.5929967839e-01 1.5884690584e-01
-6.1105147747e-01 1.3726454870e+00 -1.3695489668e+00
4.8528817401e+02 -5.9914397868e-02 6.4794977833e-02
-5.9276845160e-01 5.7349657525e-01 -5.6544428634e-01
-7.0640022067e-01 -3.3023732073e-02 7.0704183848e-01
3.8681299231e-01 8.1854206446e-01 4.2469353384e-01
-7.3313654306e-01 1.2539870625e+00 -9.7985072083e-01
4.3325761687e+02 -3.5711991365e-02 3.1005195384e-02
3.3105019894e-01 7.1108553274e-01 -6.2029277838e-01
-8.5938289100e-01 4.9868467085e-01 1.1302497828e-01
3.8970092691e-01 4.9565205961e-01 7.7618440037e-01
-9.5749606338e-01 -4.5379165034e-02 -1.0667787662e+00
4.4011494032e+02 -3.7553297436e-02 2.3361925094e-02
6.0369689447e-01 6.0519170306e-01 -5.1893454516e-01
-7.2946765409e-01 6.8193279519e-01 -5.3334833755e-02
3.2160068603e-01 4.1074403879e-01 8.5314848259e-01
-8.4768881129e-01 -3.0232884055e-01 -9.7546179847e-01
4.5240593663e+02 -3.0404229928e-02 9.7760791245e-03
9.9715879142e-01 -6.0579133000e-02 -4.4771791664e-02
5.0498003844e-02 9.7861011477e-01 -1.9942967401e-01
5.5895404924e-02 1.9660216660e-01 9.7888880461e-01
-3.0624762534e-01 -5.3729092788e-01 -9.2158761564e-01
4.4990857941e+02 -1.2726774072e-02 -6.1441918095e-03
9.9125323228e-01 6.9870934727e-02 -1.1196018029e-01
-6.9370755946e-02 9.9755590330e-01 8.3616991834e-03
1.1227077852e-01 -5.2179900043e-04 9.9367751309e-01
-3.6514397396e-01 1.0783430525e-01 -1.9157860504e-02
4.4819629576e+02 -3.0782061939e-02 1.6927301471e-02
8.8140728597e-01 3.5268209002e-01 -3.1422370951e-01
-3.5201757539e-01 9.3400977433e-01 6.0904581651e-02
3.1496797116e-01 5.6930526338e-02 9.4739331448e-01
-4.7929579609e-01 2.5265028195e-01 -4.4044209208e-02
4.5023975312e+02 -2.4030110315e-02 3.9669724019e-03
9.8720759299e-01 5.7855192320e-02 -1.4857302943e-01
-6.5390450889e-02 9.9678317482e-01 -4.6339953976e-02
1.4541408902e-01 5.5462411808e-02 9.8781509585e-01
-3.6010612913e-01 -7.1307037047e-02 -2.6678123087e-01
4.5691267847e+02 -2.6431487146e-02 1.2599066774e-02
5.1304342341e-01 -6.7444140377e-01 5.3095690839e-01
6.2855663398e-01 7.1644172450e-01 3.0270086433e-01
-5.8455367895e-01 1.7843779943e-01 7.9149033359e-01
6.7590489478e-01 4.4289791847e-01 -2.7646244187e-01
4.5404110692e+02 -1.7692785972e-02 2.1530869959e-03
2.7286432555e-01 -7.4079437617e-01 6.1381491679e-01
7.0348949153e-01 5.8885208840e-01 3.9793938395e-01
-6.5623745333e-01 3.2322888209e-01 6.8181778697e-01
7.6530198518e-01 5.4643833990e-01 -3.7289115465e-01
4.5868745516e+02 -1.2641321364e-02 -7.0659692940e-03
9.4175229217e-02 -6.8770862682e-01 7.1985267298e-01
9.0709323483e-01 3.5724280299e-01 2.2261950284e-01
-4.1025953924e-01 6.3200824702e-01 6.5745926578e-01
7.4327716722e-01 1.9011408263e-01 -1.1921314794e+00
4.7961980641e+02 -3.5072850657e-02 4.4320386253e-02
-8.4560560155e-01 -1.4504002022e-01 5.1372615192e-01
5.1738002751e-01 -4.5960377518e-01 7.2186028910e-01
1.3141184791e-01 8.7620075461e-01 4.6368433644e-01
7.4238418606e-01 6.8929109446e-01 -1.3941021111e+00
4.5271533579e+02 -2.6973087763e-02 1.2805969811e-02
4.8984186450e-01 -7.0095537718e-01 5.1837872930e-01
5.3511971705e-01 7.1115463996e-01 4.5596706732e-01
-6.8826000625e-01 5.4042920543e-02 7.2344835789e-01
7.0835764984e-01 6.7063583993e-01 -2.9126165748e-01
4.7554507667e+02 -3.7905807632e-02 5.4334845833e-02
-8.3951150177e-01 -1.7894052987e-01 5.1303092028e-01
5.4049665951e-01 -3.7153405939e-01 7.5486807044e-01
5.5531967901e-02 9.1101192609e-01 4.0862387480e-01
9.5112219739e-01 7.8307364538e-01 -1.4929640327e+00
4.4210841998e+02 -2.8703213081e-02 -4.6581425738e-04
7.8448422602e-01 4.1260109566e-01 -4.6297390314e-01
-5.4117187312e-01 8.2004649714e-01 -1.8616322481e-01
3.0284897701e-01 3.9659056769e-01 8.6660164940e-01
-1.2559545810e+00 -5.4857084796e-01 -9.2818771503e-01
4.5035298033e+02 -2.9654460639e-02 1.2276551030e-02
7.9032082518e-01 3.4583701014e-01 -5.0575661706e-01
-4.9283667496e-01 8.4925629981e-01 -1.8940894658e-01
3.6401236943e-01 3.9894924444e-01 8.4162610182e-01
-1.0212602279e+00 -2.1465330706e-01 -2.8829001772e-01
4.5285579027e+02 -1.5744041256e-02 -1.4896590327e-02
7.5664316397e-01 1.2212433778e-01 -6.4232139038e-01
-3.4144514480e-01 9.1160468600e-01 -2.2889322743e-01
5.5758975556e-01 3.9250801596e-01 7.3145821610e-01
-1.1526585221e+00 -2.4979227200e-01 -4.2988000864e-01
4.5746460095e+02 -1.4362705816e-02 -1.1165096588e-02
8.5254042086e-01 -9.4683726005e-02 -5.1401344616e-01
-1.7223319519e-01 8.7762907165e-01 -4.4732867007e-01
4.9346788880e-01 4.6989595084e-01 7.3190657744e-01
-9.7237205459e-01 -7.0404972612e-01 -5.6966869042e-01
4.3417600346e+02 7.9108166940e-03 -6.6237383764e-02
9.9931094875e-01 -3.4376028674e-02 -1.3997012557e-02
2.7860570775e-02 9.4389481853e-01 -3.2906892918e-01
2.4523790573e-02 3.2845221907e-01 9.4420216240e-01
-1.4943441748e-01 -7.0439447443e-01 -6.1963483602e-01
4.5355432375e+02 -2.6795804410e-02 1.4467260879e-02
9.7235764019e-01 1.1143126168e-01 -2.0519184558e-01
-1.3312930580e-01 9.8652264650e-01 -9.5129679259e-02
1.9182598236e-01 1.1981711839e-01 9.7408759905e-01
-3.3425092954e-01 -1.3199405804e-01 -2.4716508642e-01
4.5043318524e+02 -2.3504633689e-02 -5.1248783450e-03
9.3414812701e-01 3.5673654689e-01 1.0310815794e-02
-3.5384037440e-01 9.2955691673e-01 -1.0354191420e-01
-4.6521675068e-02 9.3075102294e-02 9.9457164603e-01
-9.7070770047e-02 -1.4779800969e-01 -2.4418797139e-01
4.5282352108e+02 2.8651339497e-03 -3.9136452618e-02
4.5319452717e-01 -7.0337826375e-01 5.4760728504e-01
8.0895220726e-01 5.8256871637e-01 7.8803661566e-02
-3.7444765577e-01 4.0727473380e-01 8.3301635296e-01
6.4339042690e-01 -8.9455584208e-02 -1.0323197368e+00
4.4238305070e+02 8.6440067021e-02 -2.3741452092e-01
5.4476862590e-01 -8.0253142674e-01 2.4324977561e-01
7.9826976084e-01 5.8514118962e-01 1.4274164472e-01
-2.5689011887e-01 1.1641777054e-01 9.5940313192e-01
5.4148164154e-01 3.3647044605e-02 -5.2270835197e-01
4.5206604620e+02 -2.0413803322e-02 1.3892116871e-02
5.7025116558e-01 -4.5409906103e-01 6.8454923192e-01
7.1955684975e-01 6.7813485794e-01 -1.4956956382e-01
-3.9629729765e-01 5.7786430693e-01 7.1345728299e-01
7.3792116264e-01 -4.9132205619e-01 -1.0039108415e+00
4.8906461954e-01 -2.4402148421e-01 -1.4336341435e+00
221 210 223
33 5 77 150.8100 -75.0500 24 126 51.4800 45.5300 3 99 79.1600 43.4500 4 59 90.7100 -69.2000 6 63 82.8200 -96.6000 7 127 77.7700 43.5300 8 85 40.7300 32.2000 9 85 48.1600 77.7300 20 50 85.8300 -59.4300 22 65 89.3500 -77.9600 23 119 85.5000 36.8700 34 68 117.2200 -86.8100 35 64 67.6300 -104.9100 37 100 142.5600 16.5900 19 82 50.2600 -89.9600 21 46 111.9100 -83.4200 25 104 -14.9500 41.2200 27 120 100.4700 28.0100 31 45 37.2600 -107.8900 33 82 77.7400 -95.5700 36 72 47.0300 9.8000 38 72 27.4600 -17.5400 29 59 -64.4700 -155.4600 2 79 -121.7900 30.4200 16 67 -105.9100 -29.0300 26 89 -80.6000 3.5000 28 121 -31.8300 11.3100 14 68 -143.7300 -26.2900 15 72 -115.9300 -39.4400 13 88 -136.1800 16.7300 1 89 -51.2400 31.6000 12 132 -117.4800 28.6800 0 80 -44.0600 22.2800
5.7186822755e-01 -3.9005743300e-01 -1.3353516677e+00
76 51 51
35 5 50 194.8500 -133.4300 24 127 97.1500 49.2300 3 71 121.4700 42.9800 4 42 113.4200 -112.5800 6 48 92.7000 -150.8000 7 102 126.4100 43.4100 8 86 82.4700 35.7600 9 63 90.1100 76.0100 20 47 114.9600 -119.3800 22 51 113.4000 -130.3700 23 86 136.1600 33.2400 34 37 138.4400 -142.1900 35 46 79.3500 -158.0500 37 80 187.9100 17.1500 19 54 69.3000 -123.6700 21 33 118.6400 -154.2700 25 72 17.8500 49.1600 31 23 33.5400 -179.9100 33 56 99.1400 -134.2400 36 71 79.6600 7.7900 38 70 60.3300 -26.9500 32 24 75.2600 -172.3100 29 40 -74.4600 -197.6500 2 84 -149.7300 56.7900 16 49 -157.7900 -22.7900 26 65 -77.6000 41.6300 28 124 -28.4000 45.2400 11 99 -99.5200 20.9000 10 124 -86.1800 46.8300 14 92 -185.4300 -15.4800 15 73 -163.2100 -29.2000 13 124 -157.9900 34.9600 1 91 -54.2800 59.4900 12 135 -125.8900 47.6500 0 119 -42.8700 43.1000
4.6296751094e-01 -2.9838757563e-01 -1.3837142438e+00
222 191 158
29 5 143 150.6000 -97.4800 24 222 69.6900 38.5400 3 188 92.1800 32.5400 4 138 84.3000 -85.4700 6 115 70.4400 -111.1100 8 204 57.0300 23.9800 9 152 63.2100 67.3200 20 130 76.4300 -78.2700 22 126 80.8200 -95.0800 34 112 107.4600 -104.4700 35 150 58.0200 -120.9800 37 231 155.2100 6.9800 19 189 45.9100 -103.6500 21 85 94.0600 -99.4600 25 194 -0.8900 36.2800 31 81 17.1400 -125.8400 33 160 73.5900 -111.5600 36 196 55.3600 0.1500 38 222 36.3500 -29.7000 32 109 49.6800 -130.7900 29 111 -78.6700 -164.1800 2 213 -119.9400 47.7400 16 118 -117.6400 -12.0300 26 230 -68.1300 14.1600 28 238 -19.4500 20.7100 11 228 -83.0800 6.1000 10 302 -78.7700 30.8100 1 189 -41.5300 41.5900 0 272 -34.3000 28.7300
5.0400437364e-01 -3.6518666676e-01 -1.3372860771e+00
242 233 222
29 5 94 168.5500 -122.1600 24 223 93.5100 39.7900 3 186 113.2700 32.6300 4 97 95.3300 -105.9200 6 83 75.2800 -136.2000 7 226 118.9000 33.9700 8 150 78.0400 25.9100 9 149 83.8500 66.5600 20 84 90.0300 -104.3700 22 84 92.0200 -118.2700 23 209 127.7200 24.2100 34 85 117.4900 -129.7100 37 173 176.8100 6.8700 19 135 55.1200 -119.2800 21 65 97.8500 -131.3700 25 195 14.4500 40.0800 27 193 145.6400 18.5600 30 93 -23.9900 -169.4500 33 153 83.8900 -129.4100 36 193 72.4300 -0.1600 38 217 52.6200 -33.7600 2 217 -135.0900 58.9600 16 122 -141.6300 -10.9300 26 175 -67.6300 32.3500 28 243 -19.3100 37.0900 11 232 -89.0400 18.4300 10 304 -78.7700 42.9400 1 192 -44.7700 56.0100 0 275 -35.4400 40.2300
5.0411321151e-01 -3.6532707842e-01 -1.3378845612e+00
242 233 222
37 5 95 168.5500 -122.1600 24 224 93.5100 39.7900 3 187 113.2700 32.6300 4 98 95.3300 -105.9200 6 82 75.2800 -136.2000 7 227 118.9000 33.9700 8 151 78.0400 25.9100 9 150 83.8500 66.5600 20 85 90.0300 -104.3700 22 85 92.0200 -118.2700 23 210 127.7200 24.2100 34 83 117.4900 -129.7100 35 106 63.2400 -144.6900 37 174 176.8100 6.8700 19 136 55.1200 -119.2800 21 64 97.8500 -131.3700 25 196 14.4500 40.0800 27 194 145.6400 18.5600 30 92 -23.9900 -169.4500 31 57 15.3300 -159.3100 33 154 83.8900 -129.4100 36 194 72.4300 -0.1600 38 218 52.6200 -33.7600 17 206 -45.5600 -167.4600 18 196 -14.5000 -176.3300 32 75 55.6100 -158.8300 29 109 -82.8700 -184.3600 2 218 -135.0900 58.9600 16 120 -141.6300 -10.9300 26 176 -67.6300 32.3500 28 244 -19.3100 37.0900 11 233 -89.0400 18.4300 10 305 -78.7700 42.9400 14 137 -167.8400 -8.0900 15 140 -144.3200 -21.0600 1 193 -44.7700 56.0100 0 276 -35.4400 40.2300
4.4942721876e-01 -2.3050655138e-01 -1.4502414859e+00
74 106 149
37 5 192 139.8700 -70.4900 24 296 44.6500 38.6400 3 243 70.7400 37.0500 4 208 80.0800 -63.5800 6 225 74.0200 -87.7900 8 205 34.6200 25.2000 9 200 41.3900 71.7700 20 255 72.7300 -52.2800 22 245 78.1600 -71.5000 23 291 77.3100 31.3000 34 227 106.1400 -79.0200 35 217 58.7600 -96.2600 37 324 134.2400 10.9400 19 270 42.0700 -86.2100 21 190 101.4600 -72.2200 25 265 -18.5300 35.4200 30 216 -4.6500 -111.5400 31 187 29.8400 -95.6400 33 325 69.0400 -91.5400 36 359 38.7900 4.3700 38 289 20.1600 -20.9700 17 411 -15.2200 -143.6500 18 419 7.4200 -143.8300 32 156 52.7100 -101.0600 29 231 -68.1100 -146.3600 2 287 -109.6800 28.3800 16 171 -93.7700 -24.2800 26 311 -75.8800 -3.7500 28 442 -27.4400 3.7900 11 299 -82.4800 -10.0000 10 399 -83.7300 17.0200 14 290 -130.5000 -24.8800 15 195 -104.0100 -38.0100 13 317 -122.9300 12.7500 1 248 -44.4500 24.7100 12 387 -107.3300 21.3800 0 334 -38.3500 15.0900
4.9625505967e-01 -3.8725318323e-01 -1.3186339222e+00
75 63 57
35 5 134 167.3100 -132.1400 24 401 99.2100 37.7900 3 239 118.8400 28.9000 4 133 93.5500 -113.7400 6 110 70.6800 -144.5300 7 411 124.2500 31.1200 9 261 89.4400 63.3100 20 122 86.3900 -114.4000 22 176 88.5300 -126.5900 23 394 132.4500 20.9900 34 105 114.4000 -139.2300 35 144 59.0200 -151.5600 37 320 181.2700 3.0200 19 180 54.3100 -125.7900 21 82 90.2300 -140.9900 25 268 19.4700 38.5000 27 514 149.9600 16.5400 30 159 -31.5900 -176.5400 31 127 7.6700 -166.7200 33 225 82.0400 -136.3700 36 261 76.5700 -3.1600 38 286 56.3400 -37.8100 17 298 -52.3600 -167.3500 18 195 -21.0900 -179.5400 32 147 50.7100 -166.6200 29 220 -88.2000 -187.6500 2 221 -136.2800 66.1600 16 224 -145.8300 -4.6300 26 233 -63.6900 37.1700 28 325 -15.2700 41.5700 11 314 -87.8600 23.3200 10 408 -76.0800 46.6100 1 258 -42.5500 60.7500 12 393 -113.8500 50.3000 0 339 -33.1400 43.8900
4.5810921845e-01 -3.6711529933e-01 -1.3282516900e+00
100 82 75
33 5 181 154.5300 -124.1500 24 552 93.2100 32.8900 3 324 111.1800 23.8600 6 212 62.2400 -133.2100 7 621 116.8100 27.4400 8 390 78.4400 17.2400 9 349 82.8800 57.5600 20 180 73.8800 -104.8700 22 233 78.4500 -118.6400 23 388 124.7500 18.0100 34 213 103.4600 -129.3300 35 205 51.6200 -142.2100 37 313 173.7400 -1.0700 19 343 46.1900 -121.0100 21 181 80.5200 -125.4000 25 341 15.1000 32.9400 27 509 142.8700 14.1300 30 209 -37.4000 -162.0300 31 179 0.4800 -153.1400 33 306 74.2300 -131.1100 36 349 70.3600 -7.0900 38 384 49.2000 -41.1500 17 405 -50.0400 -158.3800 32 187 41.4800 -157.0400 29 223 -91.4500 -179.3100 2 388 -124.7500 64.7500 16 225 -134.4500 0.9200 28 595 -10.4900 33.3300 11 550 -80.9900 19.3300 14 585 -158.6100 0.5100 15 382 -135.0300 -11.7200 1 341 -35.9800 55.4800 0 448 -27.9500 39.3600
3.6639498148e-01 -3.6099568800e-01 -1.3194606950e+00
96 64 57
30 5 16 122.5500 -122.6200 24 35 90.8400 18.3700 3 19 106.6600 7.9700 4 19 58.5900 -105.1800 6 13 37.1400 -123.6700 7 34 108.5000 12.9100 8 16 79.4900 4.1200 9 16 81.1900 43.7100 20 16 41.1900 -102.4800 22 13 51.5000 -116.2500 23 26 114.1500 3.8300 34 13 74.8900 -123.3800 35 24 26.4800 -131.3200 37 23 162.6100 -17.2700 19 20 26.0000 -120.2400 21 7 48.5000 -112.9300 25 23 19.1600 23.4100 27 25 131.1100 1.2800 30 20 -61.3400 -142.0700 31 18 -23.1600 -135.9100 36 20 66.0100 -19.5000 17 31 -55.2200 -138.0000 32 14 15.5700 -145.1300 29 19 -105.7500 -164.6900 2 32 -104.0900 72.8000 16 18 -116.8100 19.5600 26 20 -43.2300 22.5600 28 33 4.1100 27.3900 11 42 -64.3400 19.4700 1 37 -18.4700 53.5000
4.2938182655e-01 -2.6104317795e-01 -1.4178966008e+00
80 103 152
21 5 55 135.4200 -80.7400 24 92 56.2100 33.9300 4 57 75.5800 -72.7000 6 64 65.7400 -95.4200 7 101 79.7800 31.2100 8 62 44.9200 19.7900 9 61 50.4500 64.8300 20 49 66.2700 -61.5600 22 64 72.0800 -81.0300 23 84 86.6400 24.5300 34 52 99.3400 -88.8600 37 77 141.8300 3.7100 19 81 39.0400 -93.8200 21 47 91.0700 -78.9100 27 77 103.9800 16.9000 33 61 65.6700 -100.2300 32 43 43.6200 -113.6100 29 42 -77.4800 -151.8200 2 83 -108.3500 38.9700 11 98 -78.3600 -3.5200 1 88 -38.5500 30.7900
1.0584146821e+00 6.1343017469e-01 -2.0892617217e+00
173 153 134
19 5 167 229.7500 133.8300 24 255 -135.5500 161.9400 3 200 -73.4100 211.6600 4 175 196.9900 133.3200 7 261 -74.4400 168.9000 8 308 -146.3000 175.0700 22 158 216.8900 117.6900 23 238 -57.2500 171.4100 34 150 267.8700 118.3400 35 237 208.9800 51.3800 37 355 18.3100 152.4400 25 207 -189.3800 157.6500 27 288 -52.9500 130.4000 33 195 168.5900 108.3000 36 280 -71.3600 148.2500 38 173 -64.3700 176.5700 11 83 -268.6100 -219.3200 10 99 -306.3400 -104.9500 1 100 -263.2800 -158.0700
5.8135818149e-01 -3.3223295896e-01 -1.3761403754e+00
146 152 177
30 5 72 190.2600 -108.9700 24 164 80.4500 53.8100 3 102 107.6700 50.4600 4 55 113.7500 -94.2800 6 61 99.6400 -132.0100 7 173 110.7800 49.4400 8 114 67.2800 41.2400 9 87 75.7400 84.0600 20 48 116.7900 -94.4900 22 60 115.4100 -109.5500 23 163 120.5900 40.4800 34 65 141.6200 -120.8600 35 78 84.5200 -139.9200 37 142 173.5700 23.7500 19 74 69.3300 -109.7700 21 44 131.4100 -131.3300 25 105 5.5600 52.5000 27 199 135.5900 32.0700 31 43 46.7400 -159.2300 33 80 99.5200 -118.5200 36 105 68.9100 14.2400 38 107 51.3900 -17.4800 32 55 82.2800 -152.5700 29 55 -63.9500 -186.4000 2 103 -149.1400 42.7900 16 65 -147.5700 -35.0300 26 90 -86.9600 31.9100 11 134 -103.6900 10.9800 10 122 -93.4700 38.5200 1 112 -61.0700 49.9500
1.0728340074e+00 -9.1417821521e-02 -1.6530193166e+00
219 173 103
28 5 201 291.5800 -24.6900 24 587 21.6800 120.0100 3 351 72.8800 149.0900 4 219 220.6900 -22.0200 6 169 242.2300 -94.3200 7 655 68.2400 119.8400 8 300 12.1200 124.6400 9 285 34.2500 182.0800 20 197 254.3500 -20.8200 22 196 240.2700 -40.1100 23 608 83.2700 113.0600 34 170 280.5500 -56.6100 35 215 196.5900 -101.2500 37 342 148.5400 111.8200 19 206 151.9900 -44.0800 25 280 -46.6200 125.9000 27 547 88.3700 86.6000 31 59 294.7800 -134.4500 33 247 188.6200 -43.7400 36 371 45.4600 94.9100 38 317 44.0800 79.0200 18 186 126.0200 -222.1900 2 134 -251.9900 -87.3500 26 173 -227.1700 21.3600 28 242 -168.6900 32.5000 11 213 -210.4000 -47.4400 10 298 -198.7900 15.7200 1 185 -174.8700 5.8400
2.5144996263e-01 -3.7991661536e-01 -1.3141533877e+00
171 211 82
32 5 135 85.4600 -129.9600 24 206 91.4400 -7.2400 4 134 30.3600 -110.6800 6 164 5.1900 -118.4300 7 304 103.9600 -11.6700 8 191 74.8000 -24.7800 9 142 73.5900 15.0100 20 183 2.2500 -102.7800 22 119 17.2300 -118.5500 23 272 107.6300 -20.1900 34 162 41.2100 -122.5700 35 148 -2.8000 -127.1100 37 218 155.9100 -41.0200 21 134 9.4900 -97.2400 25 188 16.2900 -2.7100 27 187 131.7800 -20.8800 31 135 -54.8700 -123.8800 33 414 30.6200 -133.5800 36 249 57.6100 -40.1400 38 139 31.6700 -75.4900 17 424 -64.5500 -119.2000 18 314 -49.3500 -136.4100 32 194 -12.9100 -140.9300 29 175 -125.6500 -154.8100 2 229 -77.9000 85.0500 16 303 -97.1400 41.1800 26 229 -18.5200 9.7400 28 318 27.9800 14.6300 11 234 -41.6400 20.8700 10 216 -35.9200 34.0500 14 605 -112.2200 27.3900 1 191 5.2200 51.6800
1.0326085627e+00 6.0650276418e-01 -2.1199695706e+00
243 229 195
25 5 165 221.7000 129.8700 24 252 -138.1400 155.3900 3 272 -76.2500 205.2900 4 173 189.7400 131.4200 6 99 255.5200 69.9400 7 259 -77.4700 162.7300 8 226 -148.2200 169.7700 20 110 210.2100 138.1200 23 315 -61.1700 165.2800 34 148 259.1300 115.9600 35 172 202.9000 51.4700 37 251 16.9800 148.0300 19 309 124.7200 84.9900 25 284 -191.3400 151.9000 27 286 -55.9400 124.9900 33 367 161.4600 107.6200 36 381 -73.8300 143.9200 38 242 -69.3800 171.8500 17 289 239.9900 -183.5000 18 321 245.2600 -103.5000 29 252 155.6400 -41.9500 28 298 -300.3400 -133.1000 11 252 -258.0600 -229.2600 10 188 -300.5000 -112.7300 1 209 -256.2100 -162.9900
1.0350423750e+00 6.0634849536e-01 -2.1190262875e+00
243 229 195
16 5 166 221.7000 129.8700 24 253 -138.1400 155.3900 3 273 -76.2500 205.2900 4 174 189.7400 131.4200 7 260 -77.4700 162.7300 8 227 -148.2200 169.7700 20 158 209.9000 138.3700 23 316 -61.1700 165.2800 34 149 259.1300 115.9600 35 317 202.9300 51.9500 37 353 16.7000 148.0200 25 285 -191.3400 151.9000 27 287 -55.9400 124.9900 36 382 -73.8300 143.9200 38 243 -69.3800 171.8500 1 210 -256.2100 -162.9900
3.5568310172e-01 -3.2046346240e-01 -1.3652747612e+00
217 182 144
37 5 187 117.1600 -105.2100 24 395 72.8800 17.6500 3 318 89.4100 9.4800 4 200 57.2500 -91.5400 6 221 39.9000 -108.3100 7 312 92.3400 14.4300 8 200 59.5800 1.2600 9 192 61.8600 44.0500 20 186 39.6500 -83.2800 22 238 49.7200 -99.6400 23 279 98.3500 6.6600 34 222 74.9600 -106.8200 35 212 29.3500 -117.1500 37 309 150.0800 -14.5100 19 264 25.0800 -109.9700 21 185 53.9400 -91.7400 25 257 2.3900 17.6600 27 254 117.2700 2.9700 30 214 -50.5900 -126.2800 31 184 -15.6700 -117.0900 33 314 50.7700 -118.5400 36 347 52.4300 -18.1300 38 281 29.3900 -48.8500 17 416 -44.6100 -133.7400 32 197 18.3900 -128.9600 29 229 -98.5000 -154.8300 2 298 -96.1900 61.4300 16 228 -102.2200 13.9000 26 314 -45.3600 7.4800 28 449 1.6800 13.2100 11 408 -62.4200 9.1700 10 403 -59.0900 28.4800 14 399 -126.3200 6.8500 15 277 -102.3400 -5.1600 13 460 -102.5400 36.8800 1 253 -19.4400 42.0400 12 390 -80.0400 35.0800
3.1172003567e-01 -4.0023046356e-01 -1.2890099074e+00
201 215 159
30 5 175 108.3900 -139.7700 24 288 101.3400 4.6700 3 233 110.2000 -8.6400 4 189 45.8700 -118.2600 6 213 18.4900 -131.3600 7 309 118.4500 -0.9500 20 176 21.2700 -115.1500 22 175 34.1600 -127.6000 23 379 124.1800 -10.8900 34 161 57.2300 -135.2900 37 300 169.9800 -31.6700 19 251 17.3500 -132.0500 21 129 22.2100 -116.3400 25 255 22.2800 7.8700 27 358 146.9000 -10.5800 30 211 -82.3900 -146.7200 31 181 -45.8400 -142.1300 36 253 68.1600 -32.8800 38 267 42.3200 -68.5800 17 417 -68.3000 -132.4300 32 188 -1.6400 -157.2100 2 400 -94.0900 86.5100 28 453 19.7700 25.7500 11 419 -52.7300 26.2200 10 405 -44.2400 40.7300 14 606 -130.8300 27.5100 15 548 -109.4700 15.9800 13 953 -96.0300 54.4500 1 257 -4.9900 58.6600 12 493 -66.9700 47.7900
3.9833122193e-01 -2.4989128720e-01 -1.4347816629e+00
250 238 98
29 5 266 124.5500 -78.4000 24 294 47.6900 28.3700 3 325 71.4200 25.4600 4 496 68.5500 -69.2600 6 307 59.0900 -89.3800 7 405 71.0600 27.7000 8 278 37.4700 14.5200 20 253 55.7500 -58.0100 22 486 64.5000 -76.6700 23 395 77.7200 21.4200 34 226 90.3500 -83.4300 35 216 44.3500 -97.7400 19 359 32.5200 -91.2400 21 191 80.4600 -71.4700 25 438 -15.1600 27.0900 27 737 94.2400 14.9900 30 288 -21.0600 -108.3000 36 350 38.8800 -5.0500 38 220 17.4700 -31.9100 17 546 -22.7400 -135.9600 32 476 39.4800 -104.2400 2 293 -98.2000 37.7800 16 565 -90.3700 -10.5600 26 509 -64.3600 -5.1400 28 440 -15.6200 1.7100 11 394 -72.1100 -6.8100 14 197 -120.2100 -12.3200 15 366 -96.0800 -25.6600 1 332 -33.2000 26.4700
2.9331207389e-01 -3.5045648416e-01 -1.3383500613e+00
229 222 203
37 5 252 98.2900 -117.9400 24 389 80.6800 3.9600 3 314 92.8500 -6.3900 4 252 41.4600 -101.1000 6 301 20.1100 -112.4000 7 395 97.0100 0.2300 8 270 66.5900 -13.4700 9 251 66.5800 28.1200 20 244 16.9600 -93.7400 22 237 30.9500 -108.7100 23 380 102.1200 -8.0300 34 220 54.9000 -114.9800 35 289 10.4800 -121.9200 37 302 152.2900 -29.4600 19 345 13.2100 -118.3900 21 248 27.0800 -93.9500 25 334 8.9400 6.2300 27 359 122.8100 -9.4400 30 283 -72.2800 -125.0200 31 252 -37.1100 -118.7700 33 311 37.8500 -127.6700 36 342 54.5100 -30.5700 38 375 29.0600 -63.2900 17 552 -55.7000 -124.4500 18 542 -38.0400 -138.4900 32 196 -0.1100 -135.0200 29 303 -113.1500 -153.3500 2 393 -84.6500 74.1000 16 302 -98.9000 31.7300 26 399 -30.0700 7.7300 28 585 16.1400 12.6000 11 412 -50.3500 14.6300 10 547 -46.2400 30.4100 14 404 -117.1300 20.5300 15 393 -94.7100 8.8200 13 650 -87.6600 45.1300 1 336 -5.2600 46.0700
3.1795106548e-01 -3.8329242631e-01 -1.3055781302e+00
93 82 62
35 5 179 109.0000 -131.6600 24 392 95.1900 7.0200 3 315 105.6400 -5.3400 4 191 47.6800 -112.3700 6 216 22.4700 -126.2100 7 396 112.1000 1.6900 8 272 79.6000 -10.7800 9 252 79.2500 29.0500 20 179 24.3300 -107.9700 22 231 36.8400 -121.4100 23 381 117.5700 -7.7200 34 214 60.2400 -129.0200 35 208 14.1200 -135.8400 37 303 165.1100 -28.6600 19 254 18.4900 -127.2900 21 184 28.1800 -110.7500 25 335 18.2500 9.4800 27 360 139.0700 -8.1600 30 278 -76.2800 -141.8500 31 249 -40.1200 -136.1700 36 343 64.7800 -30.2300 38 373 39.4200 -64.9100 17 549 -63.6200 -132.4000 32 191 1.7700 -150.6100 29 227 -116.4000 -164.6900 2 396 -93.8500 81.4300 16 234 -112.8100 33.4300 26 315 -29.7100 18.5200 28 590 16.5300 22.9000 11 416 -54.0800 22.5700 10 404 -46.9600 38.3300 14 406 -128.8000 23.6000 15 394 -107.0100 11.9700 13 473 -96.4000 50.7500 1 340 -7.6200 55.3300
3.7167414808e-01 -2.8356696292e-01 -1.4010183225e+00
193 156 90
22 5 541 119.1300 -90.9200 24 788 59.3400 22.8000 3 621 79.5000 16.9200 4 490 61.2200 -79.9300 6 413 48.4200 -97.9600 7 965 80.4400 20.5400 8 556 47.6600 7.2300 9 498 51.4700 51.5600 20 502 45.9100 -69.9100 22 477 55.3900 -87.5400 23 852 86.3900 13.6500 34 415 81.5500 -94.2700 35 396 36.0000 -106.5000 21 529 66.3200 -80.7400 30 752 -36.1600 -115.6300 31 461 -2.1000 -104.7400 32 340 26.9900 -115.4900 29 387 -88.9200 -148.4900 2 755 -96.1500 49.5900 16 386 -94.3900 3.2000 14 889 -121.9300 -2.2100 1 437 -25.3100 33.8500
3.4141437050e-01 -3.0662671674e-01 -1.3801592644e+00
193 154 92
30 5 366 111.1200 -99.8900 24 778 65.6100 15.9100 3 416 83.5800 8.4900 4 338 53.6400 -87.0700 6 407 37.9600 -102.4800 7 608 85.4300 13.1500 8 385 54.0100 -0.5600 9 485 55.8400 43.0700 20 326 35.2400 -77.8800 22 468 46.2000 -94.5100 23 567 90.9800 6.1500 34 408 71.3500 -101.1400 35 393 26.5400 -111.2800 37 544 144.4200 -15.7300 19 474 22.2300 -106.5000 21 338 51.7900 -84.7800 25 434 -1.4900 15.6300 30 373 -49.6400 -118.5600 31 324 -15.0700 -109.0600 33 564 47.4900 -114.1300 38 517 24.6000 -48.5700 18 707 -22.4100 -139.0100 32 337 16.8000 -121.6000 29 385 -97.7700 -149.7100 2 527 -91.3700 58.3600 11 543 -60.2000 5.6000 14 588 -119.4700 5.9600 15 534 -95.7400 -6.1700 13 934 -97.0900 34.3600 1 439 -17.7800 37.8900
3.1960328905e-01 -3.2357319758e-01 -1.3645242622e+00
190 150 102
24 5 361 105.2500 -106.7000 24 540 71.2500 10.6500 3 414 86.6800 1.9100 4 336 48.2000 -92.2400 6 406 30.2300 -105.9500 8 383 58.6100 -6.2600 9 342 59.8200 36.5400 20 324 27.4700 -83.6100 22 461 39.7000 -99.7300 34 293 64.2200 -106.1400 35 291 19.6400 -114.9100 19 470 18.1800 -110.9200 25 433 2.2500 11.7300 30 371 -59.1400 -120.4900 31 320 -24.4400 -112.1400 33 427 43.1600 -119.2700 36 446 49.9800 -24.0900 18 708 -28.7100 -138.2700 32 261 9.2600 -126.5100 29 383 -104.0400 -150.5500 2 537 -87.6500 65.1600 26 397 -39.2400 4.0200 28 813 8.0200 9.6600 1 442 -12.4400 40.7600
3.0404730636e-01 -3.3376465127e-01 -1.3543828897e+00
108 100 60
29 5 356 100.7200 -110.8900 24 772 74.5400 7.0700 3 607 88.1000 -1.7600 4 332 44.3000 -95.5800 6 405 24.8900 -108.0500 8 548 61.0800 -9.8500 9 476 61.6300 32.6100 20 483 21.9600 -87.0400 22 456 34.8600 -102.7900 34 403 59.1700 -109.0600 35 391 14.7700 -117.0500 37 399 148.5400 -25.8300 19 464 15.2000 -113.8700 21 518 34.5700 -89.5100 25 431 5.1400 8.1700 30 527 -64.9300 -121.0500 31 451 -30.0600 -113.6500 33 551 39.9500 -122.4900 38 513 26.8200 -59.2900 18 709 -33.0500 -137.4100 32 259 3.8900 -129.6200 2 542 -85.3600 68.6500 16 301 -95.9600 26.7800 26 398 -33.6300 5.0200 11 545 -52.5800 11.1700 14 599 -115.9500 16.0500 15 543 -93.1100 4.5200 13 939 -89.1700 41.1000 1 443 -8.7800 42.5200
2.0381242613e-01 -3.9413738244e-01 -1.3003021704e+00
250 233 93
19 5 178 70.0700 -135.9000 24 524 94.5500 -17.8000 3 226 97.4100 -29.6900 4 322 18.3500 -115.3300 6 299 -8.7400 -118.5000 7 391 105.2200 -22.3900 20 240 -16.1500 -108.4700 22 232 3.2700 -121.4400 23 270 107.2600 -31.1000 34 635 25.5400 -127.8700 35 286 -17.1000 -128.7100 37 216 154.6100 -51.4600 19 452 -4.1000 -130.9700 21 337 -11.7800 -97.4700 25 425 19.2200 -10.8200 27 355 132.5700 -29.7600 36 438 57.9600 -49.8100 38 200 27.4100 -83.2700 1 451 14.9000 52.0200
4.7555600488e-01 -3.7471882779e-01 -1.3243237688e+00
240 230 221
36 5 180 160.7500 -127.3200 24 555 95.5300 35.5700 3 424 114.2900 26.5200 4 250 88.2300 -109.7600 6 209 66.3400 -137.5400 7 407 120.0700 29.6200 8 392 80.2700 20.4300 9 354 85.3300 60.3300 20 239 80.0500 -108.6400 22 229 83.6100 -121.9300 23 391 128.3400 19.8400 34 212 108.5300 -133.1500 35 279 55.3900 -146.3200 37 316 177.3200 1.2600 19 340 49.7500 -122.7600 21 179 85.3600 -131.6700 25 444 16.8700 35.4600 30 275 -34.2400 -168.0200 31 178 4.1100 -159.1500 33 305 78.0500 -133.2200 36 457 72.9500 -5.0500 38 385 52.1300 -39.4500 17 539 -50.6900 -162.5800 18 410 -20.8800 -173.2600 32 185 46.0600 -161.2500 29 296 -89.7300 -183.2400 2 538 -129.2600 65.1100 16 297 -139.6000 -1.7600 26 406 -60.6200 32.1000 28 596 -12.5900 36.5000 11 552 -83.6100 20.8800 14 583 -163.0000 -0.4900 15 525 -140.1900 -13.3500 13 646 -136.8200 41.1600 1 454 -38.3300 57.7800 12 636 -106.4600 47.6500
5.3051960066e-01 -4.0124796064e-01 -1.3168998531e+00
206 185 185
33 5 177 180.3100 -136.8400 24 562 103.7500 41.2300 3 431 123.7800 33.4400 4 190 102.5000 -117.3700 6 206 79.1500 -150.7500 7 415 130.3200 34.6100 8 395 87.5600 27.3300 9 357 93.5400 66.8200 20 175 99.0900 -120.4400 22 174 99.6500 -131.9900 23 398 139.3300 24.0800 34 209 124.5300 -144.6900 35 202 67.1800 -158.8100 37 323 188.3500 7.7900 19 338 61.0200 -127.8900 21 124 101.3300 -150.9800 25 448 21.8800 42.5300 30 206 -24.5400 -186.5600 31 172 16.4400 -178.3100 33 303 90.2100 -138.7600 36 357 80.9200 0.2400 38 530 60.6400 -35.1100 17 395 -52.1700 -175.9400 18 405 -18.1000 -186.5400 32 182 60.9600 -174.4700 29 217 -84.0700 -195.4600 2 387 -143.3700 64.2600 16 294 -154.7400 -11.4400 26 408 -68.2300 41.5400 28 600 -19.9300 45.3900 11 555 -92.7000 24.5700 15 372 -156.5200 -20.0700 1 456 -47.0500 62.7600
5.4420155367e-01 -4.4004088109e-01 -1.2944926092e+00
77 61 53
32 5 132 187.6000 -153.4900 24 559 114.3000 40.3800 3 329 133.8200 31.8000 4 188 106.5000 -129.6300 6 156 78.9000 -165.1000 7 623 141.5100 32.6700 8 393 97.0100 26.8800 9 355 102.7200 65.1300 20 118 103.4600 -137.4100 22 167 102.9400 -146.3900 23 393 150.9700 21.1300 34 156 127.2900 -160.0800 35 197 67.9300 -172.8200 37 321 199.4800 6.0000 19 249 64.4400 -137.1800 21 121 99.2200 -169.9500 25 344 29.4300 43.1400 27 513 169.0100 16.6100 30 205 -29.2600 -202.4200 31 124 13.1300 -196.2400 33 301 93.9400 -148.9400 36 354 88.9700 -1.2300 38 387 67.9400 -38.4600 17 392 -60.0500 -182.2300 32 145 62.6000 -190.0200 29 215 -87.4900 -205.6800 2 391 -148.5500 71.1400 16 223 -165.5500 -8.3600 26 410 -67.2500 49.8900 28 602 -18.1400 52.5800 11 558 -94.5500 30.4300 1 457 -47.3500 69.2400
4.2821824159e-01 -2.4894865664e-01 -1.4335957301e+00
70 105 152
30 5 146 134.4900 -77.2200 24 218 49.7100 34.4900 3 185 74.2700 31.3800 4 112 74.9700 -69.4500 6 117 66.5800 -92.2400 7 225 73.2300 33.2400 8 149 38.9200 20.3500 9 151 44.7800 66.1200 20 134 65.5700 -58.5300 22 128 71.9900 -77.2100 23 212 80.4600 26.7800 34 116 99.2500 -84.9300 35 110 52.3000 -100.2700 37 172 136.9300 5.6400 19 144 38.2800 -91.0100 21 90 91.4100 -76.8500 25 193 -14.7200 31.5200 31 83 20.0900 -99.8300 33 167 65.0200 -96.9000 36 195 41.5400 -0.4200 38 223 21.7400 -26.7800 32 112 45.2600 -106.4900 29 119 -74.3800 -147.8700 2 150 -106.5600 35.5800 16 82 -94.7500 -15.5900 26 168 -68.9100 -1.5600 28 234 -20.8900 5.5300 14 134 -128.5400 -17.7900 15 138 -102.6900 -30.4200 13 171 -117.4700 18.1000
-1.0576309987e-01 -4.9705700372e-01 -1.2398878695e+00
184 129 70
26 5 65 -39.5500 -178.9400 24 145 120.1400 -108.4000 3 113 96.9000 -112.4600 8 100 96.1500 -122.1800 9 102 77.1900 -79.2900 20 79 -129.9200 -139.3100 22 116 -90.3500 -147.1100 23 96 106.7700 -125.9800 35 82 -113.7600 -128.3600 19 90 -65.9900 -156.6500 21 88 -125.4500 -88.1200 25 131 36.7600 -72.5600 30 172 -185.1400 -100.4000 31 136 -140.8700 -109.1300 36 121 54.1200 -114.5800 38 131 11.5400 -152.1100 17 316 -107.6900 -64.3900 18 214 -109.8900 -96.4300 32 107 -97.4800 -146.8100 29 122 -190.3600 -131.5800 2 236 -9.7800 128.8300 16 187 -62.3200 116.2200 26 221 52.8100 -6.3600 28 227 95.2100 -5.2900 11 235 21.7700 32.8200 10 214 28.8100 27.6900
3.8849221836e-01 -2.7947475844e-01 -1.4052083171e+00
172 118 87
33 5 145 124.4900 -88.7200 24 216 58.5700 26.1400 3 183 79.7800 21.0800 4 144 65.4100 -78.5900 6 168 52.8800 -98.1000 7 314 80.4100 23.6900 8 201 47.3400 10.1200 9 194 51.5000 54.6500 20 133 51.8100 -68.5600 22 186 60.2400 -86.3100 23 285 86.7800 16.8500 34 164 86.3100 -93.6100 35 153 40.6700 -106.4900 37 227 141.5100 -4.4800 21 135 72.5300 -81.4700 25 261 -7.4900 23.8400 27 256 104.0600 10.9500 30 165 -31.2200 -117.6600 31 137 2.4000 -105.8200 33 235 57.3600 -105.8100 36 190 45.1800 -8.8900 38 216 24.4300 -36.8500 17 301 -31.2600 -136.6400 32 154 31.0700 -115.4200 29 177 -86.0800 -149.6000 2 296 -99.5000 47.5600 16 123 -96.1400 -1.5300 26 169 -58.0800 1.3200 11 307 -69.4400 0.5000 14 202 -125.1200 -6.2100 15 198 -100.3900 -18.3900 13 326 -108.3400 26.4200 12 306 -89.4400 28.5300
4.5265269288e-01 -2.4341046724e-01 -1.4351048270e+00
217 217 211
24 5 549 141.9000 -76.2300 24 794 49.2200 39.4300 3 632 75.0500 36.7700 4 497 81.0700 -68.1300 6 416 73.2500 -92.6900 7 979 74.5500 37.8600 8 560 39.0300 25.6700 9 511 45.9200 71.5300 20 505 73.2600 -57.7200 22 484 78.7000 -76.4800 23 870 82.0200 31.6800 34 426 106.4500 -84.4100 35 597 58.8300 -101.2200 21 341 99.7100 -77.8800 27 746 97.0700 23.2300 30 375 -7.0000 -117.0900 33 578 70.1900 -95.5800 38 539 23.6800 -22.5000 32 347 52.6900 -106.8200 2 512 -111.9200 32.8200 16 377 -99.1900 -21.6700 14 572 -134.5400 -21.0500 15 515 -108.4300 -34.1400 13 912 -124.0200 17.4500
5.2759639164e-01 -2.9908284562e-01 -1.3878306978e+00
220 214 214
16 5 370 170.5300 -96.8600 24 800 71.6100 48.5200 3 640 97.2800 44.6200 6 396 88.1500 -117.2900 7 984 99.4200 44.9500 8 571 59.2200 35.3600 20 325 98.1800 -80.1000 22 464 99.5400 -96.7200 34 292 126.7400 -107.6500 21 330 117.0700 -109.5600 31 248 36.1300 -137.2600 36 465 59.8900 9.5800 32 253 68.2400 -136.2300 29 297 -68.0500 -172.9400 2 517 -134.9300 41.7200 16 371 -130.0300 -26.9600
3.4070145080e-01 -2.9600302935e-01 -1.3909696768e+00
252 235 93
17 5 372 110.3600 -95.1700 24 543 61.7600 15.6800 3 417 80.1100 9.0400 7 955 82.0000 13.5100 8 552 49.9900 0.3300 9 486 52.7200 43.9500 20 499 35.7400 -73.3500 22 475 46.6200 -90.5000 35 395 27.4900 -107.3900 19 477 22.1500 -103.2300 27 502 106.0500 1.5400 31 462 -11.5600 -104.6300 36 449 45.2000 -18.0300 17 749 -38.8900 -128.4200 2 522 -90.1600 54.9700 16 580 -91.9900 13.0100 15 532 -92.8600 -8.1000
5.7013412591e-01 -4.3593814022e-01 -1.3024641258e+00
236 228 213
31 5 242 196.0200 -150.5400 24 565 113.2800 44.0600 3 433 134.0600 36.7600 4 316 113.1200 -127.7100 6 281 86.9500 -165.4200 8 398 96.1200 31.1000 9 510 102.6400 69.4700 20 229 113.3000 -135.5700 22 305 111.2400 -144.7700 34 271 135.6800 -159.0200 35 267 74.6200 -173.0100 37 417 200.3500 10.8800 19 335 69.3500 -135.3400 21 173 110.5300 -172.1400 25 451 28.5300 46.8500 30 268 -20.7300 -205.2500 31 231 22.8800 -198.7000 33 407 99.2600 -147.1000 36 463 89.4600 2.6200 38 388 69.0000 -34.3400 17 527 -56.6400 -187.0100 18 518 -19.2000 -198.7000 32 241 71.1400 -190.0900 29 292 -82.2200 -207.7000 2 540 -153.9300 66.8400 16 290 -168.8200 -16.0500 26 530 -72.0400 51.0200 28 830 -23.4000 53.8000 11 557 -98.7500 29.3200 14 578 -192.0500 -9.5500 15 520 -170.1900 -22.9500
4.6191151464e-01 -4.5158657797e-01 -1.2704142058e+00
140 117 125
20 5 239 162.6100 -159.6700 24 789 119.4500 26.8500 3 618 133.4200 14.8400 4 249 85.4000 -134.4800 6 282 54.5700 -162.3500 7 613 143.3500 18.6300 20 227 74.2700 -140.8600 22 302 78.4100 -149.5300 23 845 151.4200 7.0100 34 270 101.3100 -161.5200 35 268 45.9600 -171.2000 37 404 196.9000 -9.8500 19 334 48.2000 -142.2900 21 175 66.3000 -161.7600 30 271 -55.4700 -191.6200 33 406 76.3800 -154.8100 17 537 -69.6400 -166.6600 18 526 -38.2700 -183.7300 2 549 -131.5200 82.8500 28 827 -1.6300 48.0500
5.8923223785e-01 -3.2277852712e-01 -1.3801977080e+00
191 195 197
24 5 363 191.5300 -104.9800 24 808 80.1000 55.6500 3 649 106.9300 52.8400 4 334 116.2400 -92.6100 6 391 102.8100 -129.7100 7 993 109.4300 51.0400 8 406 66.7900 43.6000 9 517 76.0700 86.4300 20 319 119.0900 -90.3300 22 319 117.3300 -105.5800 23 879 119.3200 42.1100 34 283 144.7000 -118.4200 35 380 86.8000 -137.6600 37 564 172.0600 25.7800 21 238 135.6700 -127.8800 30 358 10.0800 -170.1700 31 241 51.2200 -156.6400 33 560 100.9200 -116.0300 38 545 51.6300 -15.3000 18 662 6.2500 -183.3600 32 249 85.5600 -149.4800 29 372 -61.2600 -185.9000 2 741 -151.5200 40.1800 16 365 -146.8100 -38.5300
3.7641067895e-01 -2.9459878391e-01 -1.3891924590e+00
230 190 152
26 5 538 121.8000 -95.2800 24 545 63.6600 23.0200 3 619 83.4700 16.5700 4 488 62.5400 -83.5800 6 410 48.3400 -101.9100 7 964 84.6500 20.4800 8 555 51.9100 7.3800 9 497 55.8000 51.3400 20 498 47.3500 -74.2200 22 473 56.4200 -91.3400 23 851 91.2200 13.4200 34 412 82.3400 -98.6400 35 588 36.3900 -110.8000 37 550 145.0600 -7.9500 21 523 65.9200 -85.3300 27 732 108.6500 8.1000 30 370 -38.4800 -121.0300 31 323 -3.9300 -110.1100 33 568 55.0100 -110.6400 17 738 -36.6300 -135.5800 18 702 -15.8100 -142.8100 32 339 26.8600 -120.6800 29 381 -90.5100 -151.6900 2 760 -98.5500 52.7900 16 389 -98.9100 4.7300 15 830 -100.6300 -12.5000
3.5472526661e-01 -2.9723021065e-01 -1.3883738114e+00
188 138 89
