# Bundle file v0.3
39 3269
2.1439406791e+02 3.1038138138e-01 2.9899851664e-01
1.2382226312e-01 -8.1066788586e-01 5.7226359835e-01
8.7059926348e-01 3.6548018157e-01 3.2936478153e-01
-4.7615645495e-01 4.5742957459e-01 7.5102144756e-01
7.5062172284e-01 4.2511169544e-01 -8.7681942683e-02
4.6298225346e+02 4.9758128100e-03 -9.8843657157e-02
-2.9817009318e-02 -7.5172351198e-01 6.5880399778e-01
8.8540932021e-01 2.8599797403e-01 3.6640891711e-01
-4.6385480664e-01 5.9423641792e-01 6.5705539947e-01
9.3612005780e-01 5.1112921848e-01 -1.1115401797e+00
4.9058168550e+02 -4.4208510090e-02 4.0435674415e-02
-6.2544296213e-01 -5.5929464661e-01 5.4406856130e-01
7.0539678327e-01 -1.0724692471e-01 7.0065217854e-01
-3.3352133257e-01 8.2200218699e-01 4.6160147889e-01
6.2347677253e-01 1.1085826149e+00 -1.1418363692e+00
4.6196636754e+02 -2.7811631272e-02 7.9903803145e-03
9.8628478951e-01 8.7173844421e-02 -1.4015361154e-01
-1.3110464483e-01 9.2962801484e-01 -3.4438833623e-01
1.0026906842e-01 3.5803976717e-01 9.2830686685e-01
-9.5402877663e-02 -4.9127759530e-01 -5.1066438339e-01
4.6286437461e+02 -3.6070053376e-02 2.6284938107e-02
2.2893934645e-01 6.6345012631e-01 -7.1233468647e-01
-8.3986174789e-01 5.0459477369e-01 2.0004089282e-01
4.9215751552e-01 5.5246542360e-01 6.7272798043e-01
-9.3497148203e-01 1.3214439539e-01 -8.7561135226e-01
4.5887239647e+02 -1.8382426686e-02 -5.9913635050e-03
2.8192512861e-01 7.0857542583e-01 -6.4686867892e-01
-7.4191488789e-01 5.8850161270e-01 3.2129138017e-01
6.0834243727e-01 3.8934138973e-01 6.9161605047e-01
-7.3672915203e-01 3.2826173041e-01 -4.3671748194e-01
4.5896335101e+02 -3.9499295135e-02 2.1910225330e-02
-7.6469869947e-02 7.3281164264e-01 -6.7612088816e-01
-8.2581712320e-01 3.3344125068e-01 4.5479996852e-01
5.5872930656e-01 5.9313070124e-01 5.7967019350e-01
-8.8828402959e-01 4.9008281263e-01 -8.6489952252e-01
4.5576807611e+02 -3.8972120714e-02 2.3235735310e-02
9.8253150963e-01 9.9385554087e-02 -1.5733513348e-01
-1.0029910276e-01 9.9495502344e-01 2.1427346619e-03
1.5675433829e-01 1.3675268399e-02 9.8754294310e-01
-1.6167195819e-01 2.4226790335e-02 -1.3362842521e-01
4.5214488237e+02 -3.3827428345e-02 2.5247257846e-02
9.9621998354e-01 2.2141930942e-02 8.3996900425e-02
-6.9838469721e-03 9.8425370318e-01 -1.7662353651e-01
-8.6585046448e-02 1.7536927514e-01 9.8068784385e-01
1.0656499072e-01 -3.0717189533e-01 -2.4371153014e-01
4.5286977375e+02 -3.4639715235e-02 2.0674845126e-02
9.8552262889e-01 1.6037528173e-01 5.4999244964e-02
-1.3185358498e-01 9.2891714874e-01 -3.4601670899e-01
-1.0658226900e-01 3.3375544906e-01 9.3661492629e-01
7.2463699810e-02 -3.6133064039e-01 -3.4525856480e-01
4.7279208342e+02 -2.8291431286e-02 3.1258362857e-03
9.0955087500e-02 -6.9709979613e-01 7.1118144401e-01
8.3657254328e-01 4.4090832268e-01 3.2518645547e-01
-5.4025322941e-01 5.6537750684e-01 6.2327740444e-01
7.5364887337e-01 4.0893727990e-01 -1.5064934712e+00
4.7826830701e+02 -3.8625288819e-02 3.8352247766e-02
-2.6238700774e-01 -6.3712486459e-01 7.2472406134e-01
8.3459449734e-01 2.2714396258e-01 5.0185420719e-01
-4.8436048887e-01 7.3653073743e-01 4.7214128144e-01
8.5794019370e-01 5.7663655938e-01 -1.6427353123e+00
4.5794429363e+02 -3.0979427672e-02 8.6633147366e-03
-3.3038625888e-01 -5.1644196705e-01 7.9002064189e-01
5.9477026556e-01 5.3600435897e-01 5.9912240684e-01
-7.3286646202e-01 6.6782259758e-01 1.3007585098e-01
9.7099945704e-01 8.5374389742e-01 -1.4475892578e+00
4.6017912562e+02 -2.8617320299e-02 1.7018921759e-02
-6.0550427031e-01 -5.4226595958e-01 5.8250511390e-01
4.9773106543e-01 3.1309386619e-01 8.0884857511e-01
-6.2098982693e-01 7.7969215722e-01 8.0322940819e-02
6.8422568422e-01 1.1937661985e+00 -1.3853599279e+00
4.6523321174e+02 -4.6190734585e-02 5.2505742690e-02
-8.5005147509e-01 -4.3276596466e-01 3.0021010897e-01
3.0789424854e-01 5.4156336074e-02 9.4987800426e-01
-4.2733315038e-01 8.9987816458e-01 8.7210478119e-02
2.4450187111e-01 1.3577012781e+00 -1.4093549403e+00
4.6584796823e+02 -4.5109513536e-02 4.9697452559e-02
-8.6652251255e-01 -4.0657402578e-01 2.8954498236e-01
2.9314615198e-01 5.4968899301e-02 9.5448612022e-01
-4.0398523342e-01 9.1196270849e-01 7.1553822417e-02
3.1676246904e-01 1.3268017669e+00 -1.4190860800e+00
4.7335927704e+02 -5.4921974967e-02 7.2495771953e-02
-9.3702218231e-01 -3.0425516154e-01 1.7151742340e-01
2.5231293345e-01 -2.5009953440e-01 9.3476649839e-01
-2.4151110423e-01 9.1917300851e-01 3.1111632384e-01
1.6457329132e-01 1.3853623506e+00 -1.0738047394e+00
4.3725446837e+02 -3.1992267737e-02 1.8680284301e-02
-8.0992883249e-01 4.1514871811e-01 -4.1432695803e-01
-5.4494732435e-01 -2.7139513331e-01 7.9333290320e-01
2.1690481778e-01 8.6832955925e-01 4.4604492661e-01
-6.4676946763e-01 7.0107660158e-01 -1.4687247710e+00
4.4465932779e+02 -3.1110713004e-02 1.2848313889e-02
-5.9179656415e-01 5.8612195210e-01 -5.5338764345e-01
-7.4437056464e-01 -1.3391193413e-01 6.5420184683e-01
3.0933685388e-01 7.9907987783e-01 5.1554055095e-01
-8.1942947558e-01 4.9657697539e-01 -1.3972238428e+00
4.6056610865e+02 -3.4296902327e-02 9.4180905622e-03
3.0128669575e-01 6.5302494980e-01 -6.9482713094e-01
-8.2877058875e-01 5.3969957165e-01 1.4786373313e-01
4.7155661185e-01 5.3130291482e-01 7.0381217276e-01
-1.0195999380e+00 -1.3207165580e-01 -1.2898403332e+00
4.5459026469e+02 -2.4924978770e-02 9.7702848088e-03
1.6262808362e-01 7.0047037373e-01 -6.9490528991e-01
-7.5082070176e-01 5.4479838963e-01 3.7344743735e-01
6.4017214890e-01 4.6101623635e-01 6.1452717563e-01
-9.9906578056e-01 4.7694678909e-01 -5.2867491164e-01
4.5107750977e+02 -3.8931397075e-02 2.2923378514e-02
-2.0150758871e-01 7.1196905041e-01 -6.7267730967e-01
-7.5294451312e-01 3.2665576096e-01 5.7128852079e-01
6.2647366413e-01 6.2160766170e-01 4.7024957529e-01
-8.4748124852e-01 7.7631232992e-01 -6.5685900228e-01
4.5404014016e+02 -3.2593330917e-02 1.3768873823e-02
1.4732393614e-01 6.7609569723e-01 -7.2193508436e-01
-7.8245465409e-01 5.2614798373e-01 3.3306607980e-01
6.0502923246e-01 5.1581286083e-01 6.0652841686e-01
-9.8024890928e-01 3.2937548791e-01 -7.6480287844e-01
4.5487275759e+02 -3.7799884869e-02 2.1539516124e-02
9.6833209864e-01 1.7225695379e-01 -1.8072213097e-01
-1.6886241915e-01 9.8504881597e-01 3.4122039279e-02
1.8389787968e-01 -2.5242896743e-03 9.8294211315e-01
-1.8683838066e-01 6.1443714988e-02 -9.4422677243e-02
4.5234087613e+02 -3.3818279740e-02 1.6040973037e-02
9.9992388860e-01 -5.1361919166e-03 1.1217688942e-02
5.0168168501e-03 9.9993076580e-01 1.0644019807e-02
-1.1271582023e-02 -1.0586932585e-02 9.9988042700e-01
1.7897575203e-02 2.1761048552e-02 -3.9074263028e-02
4.5522305534e+02 -3.5749110351e-02 2.8782601761e-02
9.7386498673e-01 -5.8818404955e-02 2.1937954066e-01
1.2880298620e-01 9.3857491851e-01 -3.2013577291e-01
-1.8707425896e-01 3.4002576018e-01 9.2162123676e-01
1.0478418023e-01 -4.6893462237e-01 -8.6928448938e-01
4.7512854893e+02 -5.9330342058e-02 8.4658778607e-02
1.7535442305e-01 -4.8419773731e-01 8.5720672974e-01
9.2369706873e-01 3.8217681208e-01 2.6918572029e-02
-3.4063844693e-01 7.8707905289e-01 5.1426842502e-01
1.0572427186e+00 -1.7206678229e-01 -1.2852431373e+00
4.5153973654e+02 -3.8775886885e-02 1.8420270005e-02
9.7365277093e-01 1.3510530825e-01 -1.8370312285e-01
-9.7594560866e-02 9.7496836081e-01 1.9977987165e-01
2.0609605370e-01 -1.7658780000e-01 9.6246618930e-01
-1.4394800634e-01 2.7879662130e-01 -4.7002716940e-02
4.7599414707e+02 -3.8336907203e-02 4.0175333348e-02
2.0265546930e-01 -5.0011634362e-01 8.4191116135e-01
8.8478405241e-01 4.6193512989e-01 6.1425698045e-02
-4.1962833718e-01 7.3246131544e-01 5.3610864572e-01
1.2365947555e+00 -8.8806607548e-02 -1.3154087921e+00
4.5749448104e+02 -4.6814892176e-02 1.6352532611e-02
-3.6385371113e-01 6.2291816480e-01 -6.9251962923e-01
-8.7142904533e-01 3.4933316359e-02 4.8927607990e-01
3.2897096507e-01 7.8150663681e-01 5.3011836487e-01
-1.4195151046e+00 2.3572131722e-01 -1.3941206532e+00
4.5034436165e+02 -2.8593758091e-02 1.5177996945e-02
-3.3905039054e-01 5.7021347789e-01 -7.4826560946e-01
-8.8391004974e-01 7.9237122412e-02 4.6089532695e-01
3.2209914102e-01 8.1766623268e-01 4.7715204631e-01
-1.2094269668e+00 5.1760557578e-01 -7.5900456869e-01
4.5032878833e+02 -1.1476155947e-02 -1.4800857135e-02
-2.6592004397e-01 3.6289994854e-01 -8.9307903209e-01
-9.1105653572e-01 2.0817471787e-01 3.5586412515e-01
3.1505954825e-01 9.0827689291e-01 2.7526453979e-01
-1.3238696070e+00 4.1104452287e-01 -9.7979370824e-01
4.5518088921e+02 -1.3264710605e-02 -9.2396118053e-03
-2.0322622860e-04 3.5162948265e-01 -9.3613923411e-01
-9.7054159314e-01 2.2547800144e-01 8.4903986083e-02
2.4093354828e-01 9.0857931839e-01 3.4122521524e-01
-1.3501852865e+00 -5.7357623622e-02 -1.0387230327e+00
4.6603113383e+02 -4.4489266983e-02 4.9511992676e-02
3.0112415651e-01 6.7970697338e-01 -6.6882185424e-01
-8.8514753469e-01 4.6014856130e-01 6.9116881941e-02
3.5473664063e-01 5.7119325265e-01 7.4020279919e-01
-8.8237258227e-01 -2.1805424998e-01 -1.0244010524e+00
4.5762511653e+02 -2.9868022955e-02 1.6183421768e-02
6.9020885255e-02 6.7576064827e-01 -7.3388259527e-01
-8.2382113820e-01 4.5349059642e-01 3.4009559129e-01
5.6263207308e-01 5.8111429616e-01 5.8800622883e-01
-9.0329648917e-01 3.3977836919e-01 -7.5500740784e-01
4.5492704195e+02 -3.3204800427e-02 1.2934093066e-02
9.0131646978e-03 8.7713326285e-01 -4.8016247466e-01
-8.4985504233e-01 2.5975638434e-01 4.5855537051e-01
5.2693943664e-01 4.0393546515e-01 7.4777735330e-01
-6.6203804872e-01 4.7181410762e-01 -5.9642126219e-01
4.5108175816e+02 -3.2639807890e-02 1.6354914386e-02
9.8307528326e-01 1.1754796059e-01 -1.4051855534e-01
-1.5358051881e-01 9.4695160900e-01 -2.8230422324e-01
9.9879986367e-02 2.9910721686e-01 9.4897779803e-01
-1.9071727044e-01 -5.2247561304e-01 -8.9626002522e-01
4.5338257584e+02 -1.2148092872e-02 -3.1752643055e-02
8.9506580202e-01 4.1927239657e-03 -4.4591437645e-01
-1.1768526839e-01 9.6672632490e-01 -2.2713518078e-01
4.3012485125e-01 2.5577848583e-01 8.6577709517e-01
-2.6189643331e-01 -4.2060515149e-01 -6.9915571882e-01
4.4286310890e+02 -2.8620131820e-02 1.6931205976e-02
9.1562031688e-01 3.9967264123e-01 -4.3602926089e-02
-3.8785839974e-01 8.4954866233e-01 -3.5753731566e-01
-1.0585507575e-01 3.4428019140e-01 9.3288040646e-01
-1.6777613188e-01 -7.1547389636e-01 -7.2417627399e-01
1.8713983620e-01 1.5904486376e-01 -1.5873566905e+00
188 197 206
33 24 126 51.4800 45.5300 38 72 27.4600 -17.5400 3 99 79.1600 43.4500 7 127 77.7700 43.5300 8 85 40.7300 32.2000 9 85 48.1600 77.7300 23 119 85.5000 36.8700 25 104 -14.9500 41.2200 36 72 47.0300 9.8000 27 120 100.4700 28.0100 37 100 142.5600 16.5900 4 59 90.7100 -69.2000 5 77 150.8100 -75.0500 6 63 82.8200 -96.6000 19 82 50.2600 -89.9600 20 50 85.8300 -59.4300 22 65 89.3500 -77.9600 33 82 77.7400 -95.5700 34 68 117.2200 -86.8100 35 64 67.6300 -104.9100 21 46 111.9100 -83.4200 31 45 37.2600 -107.8900 29 59 -64.4700 -155.4600 2 79 -121.7900 30.4200 16 67 -105.9100 -29.0300 26 89 -80.6000 3.5000 28 121 -31.8300 11.3100 14 68 -143.7300 -26.2900 15 72 -115.9300 -39.4400 13 88 -136.1800 16.7300 1 89 -51.2400 31.6000 12 132 -117.4800 28.6800 0 80 -44.0600 22.2800
2.3530129074e-01 7.0299576150e-01 -2.1262162414e+00
223 211 189
19 24 176 46.6400 145.8800 38 167 75.0300 97.2200 3 148 103.3500 179.9000 7 185 98.0700 144.1300 8 118 36.0000 153.6500 9 93 62.9700 210.8100 23 175 115.3700 135.4800 25 155 -29.5800 155.3200 36 157 71.1500 118.8300 27 165 118.2000 107.1000 37 147 180.2600 142.7000 33 125 238.2700 -55.7900 35 80 247.7200 -131.7900 26 124 -262.0600 63.9200 28 174 -197.9100 73.2700 11 125 -251.6100 -28.0700 10 123 -224.7600 40.3800 1 111 -209.4500 30.0900 0 115 -180.8100 28.2400
3.6629066075e-01 1.7017030972e-01 -1.6166799915e+00
77 88 122
36 24 127 97.1500 49.2300 38 70 60.3300 -26.9500 3 71 121.4700 42.9800 7 102 126.4100 43.4100 8 86 82.4700 35.7600 9 63 90.1100 76.0100 23 86 136.1600 33.2400 25 72 17.8500 49.1600 36 71 79.6600 7.7900 27 119 150.9800 27.0500 37 80 187.9100 17.1500 4 42 113.4200 -112.5800 5 50 194.8500 -133.4300 6 48 92.7000 -150.8000 19 54 69.3000 -123.6700 20 36 115.0200 -117.6700 22 51 113.4000 -130.3700 33 56 99.1400 -134.2400 34 37 138.4400 -142.1900 35 46 79.3500 -158.0500 21 33 118.6400 -154.2700 31 23 33.5400 -179.9100 32 24 75.2600 -172.3100 29 40 -74.4600 -197.6500 2 84 -149.7300 56.7900 16 49 -157.7900 -22.7900 26 65 -77.6000 41.6300 28 124 -28.4000 45.2400 11 99 -99.5200 20.9000 10 124 -86.1800 46.8300 14 92 -185.4300 -15.4800 15 73 -163.2100 -29.2000 13 124 -157.9900 34.9600 1 91 -54.2800 59.4900 12 135 -125.8900 47.6500 0 119 -42.8700 43.1000
2.4652133680e-01 1.2963049280e-01 -1.5556294005e+00
226 198 181
29 24 222 69.6900 38.5400 38 222 36.3500 -29.7000 3 188 92.1800 32.5400 8 204 57.0300 23.9800 9 152 63.2100 67.3200 25 194 -0.8900 36.2800 36 196 55.3600 0.1500 37 231 155.2100 6.9800 4 138 84.3000 -85.4700 5 143 150.6000 -97.4800 6 115 70.4400 -111.1100 19 189 45.9100 -103.6500 20 130 76.4300 -78.2700 22 126 80.8200 -95.0800 33 160 73.5900 -111.5600 34 112 107.4600 -104.4700 35 150 58.0200 -120.9800 21 85 94.0600 -99.4600 31 81 17.1400 -125.8400 32 109 49.6800 -130.7900 29 111 -78.6700 -164.1800 2 213 -119.9400 47.7400 16 118 -117.6400 -12.0300 26 230 -68.1300 14.1600 28 238 -19.4500 20.7100 11 228 -83.0800 6.1000 10 302 -78.7700 30.8100 1 189 -41.5300 41.5900 0 272 -34.3000 28.7300
3.3046679096e-01 1.3714180266e-01 -1.5701212467e+00
232 230 222
29 24 223 93.5100 39.7900 38 217 52.6200 -33.7600 3 186 113.2700 32.6300 7 226 118.9000 33.9700 8 150 78.0400 25.9100 9 149 83.8500 66.5600 23 209 127.7200 24.2100 25 195 14.4500 40.0800 36 193 72.4300 -0.1600 27 193 145.6400 18.5600 37 173 176.8100 6.8700 4 97 95.3300 -105.9200 5 94 168.5500 -122.1600 6 83 75.2800 -136.2000 19 135 55.1200 -119.2800 20 84 90.0300 -104.3700 22 84 92.0200 -118.2700 33 153 83.8900 -129.4100 34 85 117.4900 -129.7100 21 65 97.8500 -131.3700 30 93 -23.9900 -169.4500 2 217 -135.0900 58.9600 16 122 -141.6300 -10.9300 26 175 -67.6300 32.3500 28 243 -19.3100 37.0900 11 232 -89.0400 18.4300 10 304 -78.7700 42.9400 1 192 -44.7700 56.0100 0 275 -35.4400 40.2300
3.3025268049e-01 1.3692617066e-01 -1.5705659093e+00
232 230 222
37 24 224 93.5100 39.7900 38 218 52.6200 -33.7600 3 187 113.2700 32.6300 7 227 118.9000 33.9700 8 151 78.0400 25.9100 9 150 83.8500 66.5600 23 210 127.7200 24.2100 25 196 14.4500 40.0800 36 194 72.4300 -0.1600 27 194 145.6400 18.5600 37 174 176.8100 6.8700 4 98 95.3300 -105.9200 5 95 168.5500 -122.1600 6 82 75.2800 -136.2000 19 136 55.1200 -119.2800 20 85 90.0300 -104.3700 22 85 92.0200 -118.2700 33 154 83.8900 -129.4100 34 83 117.4900 -129.7100 35 106 63.2400 -144.6900 21 64 97.8500 -131.3700 18 196 -14.5000 -176.3300 30 92 -23.9900 -169.4500 31 57 15.3300 -159.3100 32 75 55.6100 -158.8300 17 206 -45.5600 -167.4600 29 109 -82.8700 -184.3600 2 218 -135.0900 58.9600 16 120 -141.6300 -10.9300 26 176 -67.6300 32.3500 28 244 -19.3100 37.0900 11 233 -89.0400 18.4300 10 305 -78.7700 42.9400 14 137 -167.8400 -8.0900 15 140 -144.3200 -21.0600 1 193 -44.7700 56.0100 0 276 -35.4400 40.2300
1.5767320337e-01 1.3407569357e-01 -1.5701765951e+00
73 107 167
37 24 296 44.6500 38.6400 38 289 20.1600 -20.9700 3 243 70.7400 37.0500 8 205 34.6200 25.2000 9 200 41.3900 71.7700 23 291 77.3100 31.3000 25 265 -18.5300 35.4200 36 359 38.7900 4.3700 37 324 134.2400 10.9400 4 208 80.0800 -63.5800 5 192 139.8700 -70.4900 6 225 74.0200 -87.7900 19 270 42.0700 -86.2100 20 255 72.7300 -52.2800 22 245 78.1600 -71.5000 33 325 69.0400 -91.5400 34 227 106.1400 -79.0200 35 217 58.7600 -96.2600 21 190 101.4600 -72.2200 18 419 7.4200 -143.8300 30 216 -4.6500 -111.5400 31 187 29.8400 -95.6400 32 156 52.7100 -101.0600 17 411 -15.2200 -143.6500 29 231 -68.1100 -146.3600 2 287 -109.6800 28.3800 16 171 -93.7700 -24.2800 26 311 -75.8800 -3.7500 28 442 -27.4400 3.7900 11 299 -82.4800 -10.0000 10 399 -83.7300 17.0200 14 290 -130.5000 -24.8800 15 195 -104.0100 -38.0100 13 317 -122.9300 12.7500 1 248 -44.4500 24.7100 12 387 -107.3300 21.3800 0 334 -38.3500 15.0900
3.5435170019e-01 1.2628965611e-01 -1.5595302008e+00
85 72 65
35 24 401 99.2100 37.7900 38 286 56.3400 -37.8100 3 239 118.8400 28.9000 7 318 124.6500 31.0100 9 197 89.4500 62.9100 23 394 132.4500 20.9900 25 268 19.4700 38.5000 36 261 76.5700 -3.1600 27 514 149.9600 16.5400 37 320 181.2700 3.0200 4 133 93.5500 -113.7400 5 134 167.3100 -132.1400 6 110 70.6800 -144.5300 19 180 54.3100 -125.7900 20 122 86.3900 -114.4000 22 176 88.5300 -126.5900 33 225 82.0400 -136.3700 34 105 114.4000 -139.2300 35 144 59.0200 -151.5600 21 82 90.2300 -140.9900 18 195 -21.0900 -179.5400 30 159 -31.5900 -176.5400 31 127 7.6700 -166.7200 32 147 50.7100 -166.6200 17 298 -52.3600 -167.3500 29 220 -88.2000 -187.6500 2 221 -136.2800 66.1600 16 224 -145.8300 -4.6300 26 233 -63.6900 37.1700 28 325 -15.2700 41.5700 11 314 -87.8600 23.3200 10 408 -76.0800 46.6100 15 381 -145.9900 -14.8400 1 258 -42.5500 60.7500 0 339 -33.1400 43.8900
3.2477760613e-01 1.0883573920e-01 -1.5370027709e+00
117 101 101
33 24 552 93.2100 32.8900 38 384 49.2000 -41.1500 3 324 111.1800 23.8600 7 621 116.8100 27.4400 8 390 78.4400 17.2400 9 349 82.8800 57.5600 23 388 124.7500 18.0100 25 341 15.1000 32.9400 36 349 70.3600 -7.0900 27 509 142.8700 14.1300 37 313 173.7400 -1.0700 5 181 154.5300 -124.1500 6 212 62.2400 -133.2100 19 343 46.1900 -121.0100 20 180 73.8800 -104.8700 22 233 78.4500 -118.6400 33 306 74.2300 -131.1100 34 213 103.4600 -129.3300 35 205 51.6200 -142.2100 21 181 80.5200 -125.4000 30 209 -37.4000 -162.0300 31 179 0.4800 -153.1400 32 187 41.4800 -157.0400 17 405 -50.0400 -158.3800 29 223 -91.4500 -179.3100 2 388 -124.7500 64.7500 16 225 -134.4500 0.9200 28 595 -10.4900 33.3300 11 550 -80.9900 19.3300 14 585 -158.6100 0.5100 15 382 -135.0300 -11.7200 1 341 -35.9800 55.4800 0 448 -27.9500 39.3600
-6.3318284433e-01 6.8163972406e-01 -2.1312923660e+00
223 210 197
18 24 173 -133.1500 140.6600 38 170 -70.1500 159.9200 7 188 -74.0300 148.6400 8 119 -143.2300 155.2900 23 177 -58.1800 150.9200 25 152 -185.3700 140.6900 27 166 -53.1000 111.5000 37 184 21.5100 137.0100 6 137 244.0600 59.2700 19 225 120.2800 74.9600 20 107 201.8900 122.3400 22 156 200.4000 101.3700 33 192 155.0100 96.6100 35 126 192.2100 41.2700 18 209 232.9800 -105.2900 17 201 227.3400 -181.2300 29 250 146.7800 -46.1800 1 72 -241.0200 -160.5000
-6.3617909631e-01 6.8028927610e-01 -2.1351102257e+00
223 210 197
22 24 174 -133.1500 140.6600 38 171 -70.1500 159.9200 3 149 -72.1000 191.4900 7 189 -74.0300 148.6400 8 120 -143.2300 155.2900 25 153 -185.3700 140.6900 36 158 -70.2300 133.4100 37 185 21.5100 137.0100 4 129 182.7700 118.5600 6 138 244.0600 59.2700 19 226 120.2800 74.9600 20 108 201.8900 122.3400 22 157 200.4000 101.3700 33 193 155.0100 96.6100 35 127 192.2100 41.2700 18 210 232.9800 -105.2900 17 202 227.3400 -181.2300 29 251 146.7800 -46.1800 28 146 -285.8300 -132.9500 11 105 -245.1100 -225.3900 10 96 -287.0200 -115.2300 1 73 -241.0200 -160.5000
-6.3066403493e-01 7.7559025742e-01 -2.0978643219e+00
163 148 135
18 24 255 -135.5500 161.9400 38 173 -64.3700 176.5700 3 200 -73.4100 211.6600 7 261 -74.4400 168.9000 8 164 -145.4700 176.1300 23 136 -54.0500 173.8800 25 207 -189.3800 157.6500 36 214 -70.4600 148.8600 27 134 -49.1400 133.8700 37 355 18.3100 152.4400 4 175 196.9900 133.3200 5 167 229.7500 133.8300 22 158 216.8900 117.6900 33 195 168.5900 108.3000 34 150 267.8700 118.3400 35 237 208.9800 51.3800 10 99 -306.3400 -104.9500 1 100 -263.2800 -158.0700
3.0595222280e-01 1.9251282009e-01 -1.6322806461e+00
163 179 201
30 24 164 80.4500 53.8100 38 107 51.3900 -17.4800 3 102 107.6700 50.4600 7 173 110.7800 49.4400 8 87 67.0900 41.4400 9 87 75.7400 84.0600 23 163 120.5900 40.4800 25 105 5.5600 52.5000 36 105 68.9100 14.2400 27 199 135.5900 32.0700 37 142 173.5700 23.7500 4 55 113.7500 -94.2800 5 72 190.2600 -108.9700 6 61 99.6400 -132.0100 19 74 69.3300 -109.7700 20 48 116.7900 -94.4900 22 60 115.4100 -109.5500 33 80 99.5200 -118.5200 34 65 141.6200 -120.8600 35 78 84.5200 -139.9200 21 44 131.4100 -131.3300 31 43 46.7400 -159.2300 32 55 82.2800 -152.5700 29 55 -63.9500 -186.4000 2 103 -149.1400 42.7900 16 65 -147.5700 -35.0300 26 90 -86.9600 31.9100 11 134 -103.6900 10.9800 10 122 -93.4700 38.5200 1 112 -61.0700 49.9500
9.9741000444e-01 7.0113704651e-01 -2.1199671981e+00
221 206 175
15 24 175 203.0400 145.1300 38 158 191.8400 42.6400 3 145 267.9400 162.9600 7 184 266.1900 134.5100 8 117 184.0200 147.2300 9 121 213.9300 180.8900 23 127 288.4800 114.6600 25 209 92.8500 162.7300 36 154 201.4400 101.3000 27 163 290.4100 98.0700 26 134 -201.4100 208.7200 28 271 -139.9500 197.7900 11 176 -251.8600 91.4200 10 176 -182.1400 136.5200 1 122 -184.0100 150.4600
1.1174215256e-01 5.5153008669e-01 -2.0349837993e+00
239 199 147
28 24 587 21.6800 120.0100 38 317 44.0800 79.0200 3 351 72.8800 149.0900 7 655 68.2400 119.8400 8 300 12.1200 124.6400 9 285 34.2500 182.0800 23 608 83.2700 113.0600 25 280 -46.6200 125.9000 36 371 45.4600 94.9100 27 547 88.3700 86.6000 37 342 148.5400 111.8200 4 219 220.6900 -22.0200 5 201 291.5800 -24.6900 6 169 242.2300 -94.3200 19 206 151.9900 -44.0800 20 197 254.3500 -20.8200 22 196 240.2700 -40.1100 33 247 188.6200 -43.7400 34 170 280.5500 -56.6100 35 215 196.5900 -101.2500 18 186 126.0200 -222.1900 31 59 294.7800 -134.4500 2 134 -251.9900 -87.3500 26 173 -227.1700 21.3600 28 242 -168.6900 32.5000 11 213 -210.4000 -47.4400 10 298 -198.7900 15.7200 1 185 -174.8700 5.8400
2.8697974694e-01 -2.9511668176e-02 -1.4056038075e+00
170 213 108
31 24 206 91.4400 -7.2400 38 139 31.6700 -75.4900 7 304 103.9600 -11.6700 8 191 74.8000 -24.7800 9 142 73.5900 15.0100 23 272 107.6300 -20.1900 25 188 16.2900 -2.7100 36 249 57.6100 -40.1400 27 187 131.7800 -20.8800 37 218 155.9100 -41.0200 4 134 30.3600 -110.6800 5 135 85.4600 -129.9600 6 164 5.1900 -118.4300 20 183 2.2500 -102.7800 22 119 17.2300 -118.5500 33 414 30.6200 -133.5800 34 162 41.2100 -122.5700 35 148 -2.8000 -127.1100 21 134 9.4900 -97.2400 18 314 -49.3500 -136.4100 30 161 -90.9000 -127.9000 31 135 -54.8700 -123.8800 17 424 -64.5500 -119.2000 29 175 -125.6500 -154.8100 2 229 -77.9000 85.0500 16 303 -97.1400 41.1800 26 229 -18.5200 9.7400 28 318 27.9800 14.6300 11 234 -41.6400 20.8700 10 216 -35.9200 34.0500 1 191 5.2200 51.6800
1.0309029315e+00 7.5534400205e-01 -2.0895117691e+00
230 214 189
16 24 254 213.1300 158.5400 38 232 203.6600 46.9900 3 147 281.5500 174.4800 7 254 278.7300 148.2000 8 160 194.2600 158.7500 9 159 227.1000 191.5800 23 234 302.2200 127.8500 25 210 99.9000 172.4000 36 155 210.7600 109.5100 27 216 302.8400 112.1100 19 88 298.6800 -213.3300 26 135 -204.4400 224.4400 28 272 -140.9300 212.5500 11 177 -259.5700 102.4400 10 248 -186.2000 147.5600 1 197 -191.6400 162.3000
-6.4994525026e-01 7.4386820675e-01 -2.1062405217e+00
235 229 208
16 24 253 -138.1400 155.3900 38 243 -69.3800 171.8500 3 273 -76.2500 205.2900 7 260 -77.4700 162.7300 8 227 -148.2200 169.7700 23 316 -61.1700 165.2800 25 285 -191.3400 151.9000 36 382 -73.8300 143.9200 27 287 -55.9400 124.9900 37 353 16.7000 148.0200 4 174 189.7400 131.4200 5 166 221.7000 129.8700 20 158 209.9000 138.3700 34 149 259.1300 115.9600 35 317 202.9300 51.9500 1 210 -256.2100 -162.9900
1.4585645588e-01 1.4787299531e-01 -1.5837693015e+00
72 105 163
26 24 405 40.9400 42.2000 38 396 19.0600 -16.0100 3 332 68.3400 41.6600 7 417 67.2200 41.1600 8 283 31.1600 29.2700 9 265 38.6500 76.4300 23 294 74.8800 35.0300 36 360 37.0800 7.9300 4 260 84.2200 -59.5600 6 226 79.5000 -85.0800 19 364 45.0900 -82.8100 22 247 83.1000 -67.4800 33 328 72.3300 -87.5100 34 230 111.4000 -75.2300 18 418 12.3000 -144.3000 30 217 3.1900 -109.8400 31 190 37.8500 -92.6700 32 203 58.9100 -96.9900 29 233 -62.8300 -145.4200 2 286 -112.4600 23.0400 16 170 -93.0700 -30.3700 26 310 -81.4800 -5.5000 28 441 -32.2000 2.6900 11 392 -86.2200 -12.9800 10 398 -88.0800 15.3800 1 247 -49.1700 21.9900
2.5266233711e-01 7.6750853237e-01 -2.0944860642e+00
234 226 208
16 24 595 50.9000 161.4800 38 423 83.6000 106.0900 3 358 109.7800 194.2000 7 454 103.4800 159.5100 8 306 41.0200 168.1100 9 291 71.5600 225.3300 23 615 122.2300 150.8700 25 476 -26.2900 167.2900 36 378 75.5800 129.4600 37 448 184.2200 156.5400 19 290 206.7200 -48.4100 33 341 251.5200 -52.8300 35 285 266.4300 -131.2400 28 465 -205.8400 85.7100 10 409 -232.9700 51.5100 1 252 -220.6700 40.4300
2.4376084468e-01 5.3236363923e-02 -1.4853688602e+00
210 178 146
38 24 395 72.8800 17.6500 38 281 29.3900 -48.8500 3 318 89.4100 9.4800 7 312 92.3400 14.4300 8 200 59.5800 1.2600 9 256 62.0500 43.9400 23 279 98.3500 6.6600 25 257 2.3900 17.6600 36 347 52.4300 -18.1300 27 254 117.2700 2.9700 37 309 150.0800 -14.5100 4 200 57.2500 -91.5400 5 187 117.1600 -105.2100 6 221 39.9000 -108.3100 19 264 25.0800 -109.9700 20 186 39.6500 -83.2800 22 238 49.7200 -99.6400 33 314 50.7700 -118.5400 34 222 74.9600 -106.8200 35 212 29.3500 -117.1500 21 185 53.9400 -91.7400 18 420 -24.1400 -143.7400 30 214 -50.5900 -126.2800 31 184 -15.6700 -117.0900 32 197 18.3900 -128.9600 17 416 -44.6100 -133.7400 29 229 -98.5000 -154.8300 2 298 -96.1900 61.4300 16 228 -102.2200 13.9000 26 314 -45.3600 7.4800 28 449 1.6800 13.2100 11 408 -62.4200 9.1700 10 403 -59.0900 28.4800 14 399 -126.3200 6.8500 15 277 -102.3400 -5.1600 13 460 -102.5400 36.8800 1 253 -19.4400 42.0400 12 390 -80.0400 35.0800
3.3096256525e-01 7.6031553325e-03 -1.4333990795e+00
200 223 159
28 24 288 101.3400 4.6700 38 267 42.3200 -68.5800 3 233 110.2000 -8.6400 23 379 124.1800 -10.8900 25 255 22.2800 7.8700 36 253 68.1600 -32.8800 27 358 146.9000 -10.5800 37 300 169.9800 -31.6700 4 189 45.8700 -118.2600 5 175 108.3900 -139.7700 6 213 18.4900 -131.3600 20 176 21.2700 -115.1500 22 175 34.1600 -127.6000 34 161 57.2300 -135.2900 21 129 22.2100 -116.3400 30 211 -82.3900 -146.7200 31 181 -45.8400 -142.1300 32 188 -1.6400 -157.2100 17 417 -68.3000 -132.4300 2 400 -94.0900 86.5100 28 453 19.7700 25.7500 11 419 -52.7300 26.2200 10 405 -44.2400 40.7300 14 606 -130.8300 27.5100 15 548 -109.4700 15.9800 13 953 -96.0300 54.4500 1 257 -4.9900 58.6600 12 493 -66.9700 47.7900
2.6330586942e-01 5.0624250694e-03 -1.4392605920e+00
221 221 210
37 24 389 80.6800 3.9600 38 375 29.0600 -63.2900 3 314 92.8500 -6.3900 7 395 97.0100 0.2300 8 270 66.5900 -13.4700 9 251 66.5800 28.1200 23 380 102.1200 -8.0300 25 334 8.9400 6.2300 36 342 54.5100 -30.5700 27 359 122.8100 -9.4400 37 302 152.2900 -29.4600 4 252 41.4600 -101.1000 5 252 98.2900 -117.9400 6 219 20.1300 -112.3700 19 345 13.2100 -118.3900 20 244 16.9600 -93.7400 22 237 30.9500 -108.7100 33 311 37.8500 -127.6700 34 220 54.9000 -114.9800 35 289 10.4800 -121.9200 21 248 27.0800 -93.9500 18 542 -38.0400 -138.4900 30 283 -72.2800 -125.0200 31 252 -37.1100 -118.7700 32 196 -0.1100 -135.0200 17 552 -55.7000 -124.4500 29 303 -113.1500 -153.3500 2 393 -84.6500 74.1000 16 302 -98.9000 31.7300 26 399 -30.0700 7.7300 28 585 16.1400 12.6000 11 412 -50.3500 14.6300 10 547 -46.2400 30.4100 14 404 -117.1300 20.5300 15 393 -94.7100 8.8200 13 650 -87.6600 45.1300 1 336 -5.2600 46.0700
3.1141300001e-01 1.5108461949e-02 -1.4427827214e+00
86 73 80
36 24 392 95.1900 7.0200 38 373 39.4200 -64.9100 3 315 105.6400 -5.3400 7 396 112.1000 1.6900 8 272 79.6000 -10.7800 9 252 79.2500 29.0500 23 381 117.5700 -7.7200 25 335 18.2500 9.4800 36 343 64.7800 -30.2300 27 360 139.0700 -8.1600 37 303 165.1100 -28.6600 4 191 47.6800 -112.3700 5 179 109.0000 -131.6600 6 216 22.4700 -126.2100 19 254 18.4900 -127.2900 20 179 24.3300 -107.9700 22 231 36.8400 -121.4100 34 214 60.2400 -129.0200 35 208 14.1200 -135.8400 21 184 28.1800 -110.7500 30 278 -76.2800 -141.8500 31 249 -40.1200 -136.1700 32 191 1.7700 -150.6100 17 549 -63.6200 -132.4000 29 227 -116.4000 -164.6900 2 396 -93.8500 81.4300 16 234 -112.8100 33.4300 26 315 -29.7100 18.5200 28 590 16.5300 22.9000 11 416 -54.0800 22.5700 10 404 -46.9600 38.3300 14 406 -128.8000 23.6000 15 394 -107.0100 11.9700 13 473 -96.4000 50.7500 1 340 -7.6200 55.3300 12 391 -69.0000 44.8600
2.2182466855e-01 4.6055944050e-02 -1.4822541373e+00
197 164 121
30 24 778 65.6100 15.9100 38 517 24.6000 -48.5700 3 416 83.5800 8.4900 7 608 85.4300 13.1500 8 385 54.0100 -0.5600 9 485 55.8400 43.0700 23 567 90.9800 6.1500 25 434 -1.4900 15.6300 37 544 144.4200 -15.7300 4 338 53.6400 -87.0700 5 366 111.1200 -99.8900 6 407 37.9600 -102.4800 19 474 22.2300 -106.5000 20 326 35.2400 -77.8800 22 468 46.2000 -94.5100 33 564 47.4900 -114.1300 34 408 71.3500 -101.1400 35 393 26.5400 -111.2800 21 338 51.7900 -84.7800 18 707 -22.4100 -139.0100 30 373 -49.6400 -118.5600 31 324 -15.0700 -109.0600 32 337 16.8000 -121.6000 29 385 -97.7700 -149.7100 2 527 -91.3700 58.3600 11 543 -60.2000 5.6000 14 588 -119.4700 5.9600 15 534 -95.7400 -6.1700 13 934 -97.0900 34.3600 1 439 -17.7800 37.8900
2.4550075910e-01 1.5417264889e-02 -1.4512392596e+00
126 117 102
32 24 772 74.5400 7.0700 38 513 26.8200 -59.2900 3 607 88.1000 -1.7600 7 602 92.2300 3.4400 8 548 61.0800 -9.8500 9 476 61.6300 32.6100 23 565 97.5600 -4.8100 25 431 5.1400 8.1700 27 362 117.5400 -6.6600 37 399 148.5400 -25.8300 4 332 44.3000 -95.5800 5 356 100.7200 -110.8900 6 405 24.8900 -108.0500 19 464 15.2000 -113.8700 20 483 21.9600 -87.0400 22 456 34.8600 -102.7900 33 551 39.9500 -122.4900 34 403 59.1700 -109.0600 35 391 14.7700 -117.0500 21 518 34.5700 -89.5100 18 709 -33.0500 -137.4100 30 527 -64.9300 -121.0500 31 451 -30.0600 -113.6500 32 259 3.8900 -129.6200 2 542 -85.3600 68.6500 16 301 -95.9600 26.7800 26 398 -33.6300 5.0200 11 545 -52.5800 11.1700 14 599 -115.9500 16.0500 15 543 -93.1100 4.5200 13 939 -89.1700 41.1000 1 443 -8.7800 42.5200
3.3690423212e-01 1.1769419493e-01 -1.5474090233e+00
224 218 218
36 24 555 95.5300 35.5700 38 385 52.1300 -39.4500 3 424 114.2900 26.5200 7 407 120.0700 29.6200 8 392 80.2700 20.4300 9 354 85.3300 60.3300 23 391 128.3400 19.8400 25 444 16.8700 35.4600 36 457 72.9500 -5.0500 37 316 177.3200 1.2600 4 250 88.2300 -109.7600 5 180 160.7500 -127.3200 6 209 66.3400 -137.5400 19 340 49.7500 -122.7600 20 239 80.0500 -108.6400 22 229 83.6100 -121.9300 33 305 78.0500 -133.2200 34 212 108.5300 -133.1500 35 279 55.3900 -146.3200 21 179 85.3600 -131.6700 18 410 -20.8800 -173.2600 30 275 -34.2400 -168.0200 31 178 4.1100 -159.1500 32 185 46.0600 -161.2500 17 539 -50.6900 -162.5800 29 296 -89.7300 -183.2400 2 538 -129.2600 65.1100 16 297 -139.6000 -1.7600 26 406 -60.6200 32.1000 28 596 -12.5900 36.5000 11 552 -83.6100 20.8800 14 583 -163.0000 -0.4900 15 525 -140.1900 -13.3500 13 646 -136.8200 41.1600 1 454 -38.3300 57.7800 12 636 -106.4600 47.6500
3.7421934541e-01 1.4213914002e-01 -1.5837709326e+00
197 178 183
32 24 562 103.7500 41.2300 38 530 60.6400 -35.1100 3 431 123.7800 33.4400 7 415 130.3200 34.6100 8 395 87.5600 27.3300 9 357 93.5400 66.8200 23 398 139.3300 24.0800 25 448 21.8800 42.5300 36 357 80.9200 0.2400 37 323 188.3500 7.7900 4 190 102.5000 -117.3700 5 177 180.3100 -136.8400 6 206 79.1500 -150.7500 19 338 61.0200 -127.8900 20 175 99.0900 -120.4400 22 174 99.6500 -131.9900 33 303 90.2100 -138.7600 34 209 124.5300 -144.6900 35 202 67.1800 -158.8100 21 124 101.3300 -150.9800 18 405 -18.1000 -186.5400 30 206 -24.5400 -186.5600 31 172 16.4400 -178.3100 32 182 60.9600 -174.4700 17 395 -52.1700 -175.9400 29 217 -84.0700 -195.4600 2 387 -143.3700 64.2600 16 294 -154.7400 -11.4400 26 408 -68.2300 41.5400 28 600 -19.9300 45.3900 11 555 -92.7000 24.5700 1 456 -47.0500 62.7600
4.1763776695e-01 1.3794784569e-01 -1.5891557611e+00
116 100 89
32 24 559 114.3000 40.3800 38 387 67.9400 -38.4600 3 329 133.8200 31.8000 7 623 141.5100 32.6700 8 393 97.0100 26.8800 9 355 102.7200 65.1300 23 393 150.9700 21.1300 25 344 29.4300 43.1400 36 354 88.9700 -1.2300 27 513 169.0100 16.6100 37 321 199.4800 6.0000 4 188 106.5000 -129.6300 5 132 187.6000 -153.4900 6 156 78.9000 -165.1000 19 249 64.4400 -137.1800 20 118 103.4600 -137.4100 22 167 102.9400 -146.3900 33 301 93.9400 -148.9400 34 156 127.2900 -160.0800 35 197 67.9300 -172.8200 21 121 99.2200 -169.9500 30 205 -29.2600 -202.4200 31 124 13.1300 -196.2400 32 145 62.6000 -190.0200 17 392 -60.0500 -182.2300 29 215 -87.4900 -205.6800 2 391 -148.5500 71.1400 16 223 -165.5500 -8.3600 26 410 -67.2500 49.8900 28 602 -18.1400 52.5800 11 558 -94.5500 30.4300 1 457 -47.3500 69.2400
1.0113757425e+00 2.5273427548e-01 -1.6670012726e+00
218 201 172
10 24 129 262.3000 68.4500 38 141 178.6700 -57.4100 3 101 284.2000 45.4500 8 116 228.6700 53.5100 25 151 128.2700 77.7300 2 122 -252.1400 148.6900 26 189 -64.9500 167.8600 28 265 -16.9200 158.6900 11 178 -134.8600 111.7500 10 175 -82.6800 131.6500
1.7453929960e-01 1.1605951456e-01 -1.5519040728e+00
71 110 165
31 24 218 49.7100 34.4900 38 223 21.7400 -26.7800 3 185 74.2700 31.3800 7 225 73.2300 33.2400 8 149 38.9200 20.3500 9 151 44.7800 66.1200 23 212 80.4600 26.7800 25 193 -14.7200 31.5200 36 195 41.5400 -0.4200 37 172 136.9300 5.6400 4 112 74.9700 -69.4500 5 146 134.4900 -77.2200 6 117 66.5800 -92.2400 19 144 38.2800 -91.0100 20 134 65.5700 -58.5300 22 128 71.9900 -77.2100 33 167 65.0200 -96.9000 34 116 99.2500 -84.9300 35 110 52.3000 -100.2700 21 90 91.4100 -76.8500 30 105 -14.4900 -114.9500 31 83 20.0900 -99.8300 32 112 45.2600 -106.4900 29 119 -74.3800 -147.8700 2 150 -106.5600 35.5800 16 117 -94.7700 -15.6800 26 168 -68.9100 -1.5600 28 234 -20.8900 5.5300 14 134 -128.5400 -17.7900 15 138 -102.6900 -30.4200 13 171 -117.4700 18.1000
1.7469154458e-01 -9.5079591253e-02 -1.3898407812e+00
215 175 111
7 24 380 55.9400 -27.5400 38 504 3.3500 -78.4600 3 405 67.0700 -31.1300 8 263 44.8500 -43.4100 9 245 40.7800 2.0200 25 423 -5.1800 -18.6900 36 439 33.2000 -49.9200
3.7816218798e-01 5.3199347643e-01 -2.0139515903e+00
174 126 64
22 24 419 81.3200 116.6500 38 309 86.3300 55.2400 3 258 129.7800 138.3300 7 437 128.0700 112.6700 8 297 68.3400 118.9300 9 281 90.5400 167.4700 23 418 143.3600 101.9200 25 279 0.1500 125.5500 36 272 90.8600 84.6400 4 140 245.9300 -83.9400 6 107 251.3700 -168.3800 19 192 171.1900 -93.1400 20 88 292.9000 -94.2100 22 122 268.9700 -107.9600 33 236 209.0600 -99.8100 34 108 306.5300 -132.8000 35 198 207.1000 -169.1000 2 199 -278.4300 -26.5200 26 181 -199.8100 75.9900 28 335 -142.1300 80.7800 11 224 -207.3000 0.5700 10 309 -179.2800 53.9700
-1.0276497438e+00 3.3110400366e-01 -1.8300217868e+00
162 95 50
23 24 169 -247.8800 79.0200 38 116 -179.0500 124.2300 3 141 -172.4700 121.7500 7 243 -182.8400 97.6000 8 91 -251.6600 83.6100 9 89 -241.1400 174.9800 23 228 -171.7600 107.9100 25 109 -263.5600 59.8900 36 151 -154.2200 79.5600 27 209 -164.2900 72.4000 37 181 -62.7000 75.0000 4 240 65.7100 150.9300 5 307 80.8500 144.8200 6 195 132.2600 121.8600 19 230 25.2800 100.1800 20 279 69.6700 155.9900 22 282 79.4800 135.3900 33 200 46.9200 130.6800 35 254 94.6600 112.8800 18 239 184.2100 3.8800 30 201 183.9500 161.1500 17 164 212.0900 -55.2900 29 102 80.5900 46.4100
2.0123817312e-01 8.3135947510e-02 -1.5187545686e+00
161 113 92
33 24 216 58.5700 26.1400 38 216 24.4300 -36.8500 3 183 79.7800 21.0800 7 314 80.4100 23.6900 8 201 47.3400 10.1200 9 194 51.5000 54.6500 23 285 86.7800 16.8500 25 261 -7.4900 23.8400 36 259 45.1800 -9.2100 27 256 104.0600 10.9500 37 227 141.5100 -4.4800 4 144 65.4100 -78.5900 5 145 124.4900 -88.7200 6 168 52.8800 -98.1000 20 133 51.8100 -68.5600 22 186 60.2400 -86.3100 33 235 57.3600 -105.8100 34 164 86.3100 -93.6100 35 153 40.6700 -106.4900 21 135 72.5300 -81.4700 30 165 -31.2200 -117.6600 31 137 2.4000 -105.8200 32 154 31.0700 -115.4200 17 301 -31.2600 -136.6400 29 177 -86.0800 -149.6000 2 296 -99.5000 47.5600 16 123 -96.1400 -1.5300 26 169 -58.0800 1.3200 11 307 -69.4400 0.5000 14 202 -125.1200 -6.2100 15 198 -100.3900 -18.3900 13 326 -108.3400 26.4200 12 306 -89.4400 28.5300
1.0065570373e+00 2.1413509699e-01 -1.6783067846e+00
111 79 54
13 24 302 259.9300 58.1300 38 376 173.1900 -61.5700 3 330 278.4800 37.0000 7 231 307.5000 36.6200 8 212 225.2900 44.8100 9 198 231.4100 65.4800 25 350 126.0900 71.5300 36 355 204.3400 0.0300 2 415 -243.1100 144.5500 26 423 -62.6100 161.2700 28 634 -15.2600 152.2700 11 424 -130.4100 107.2700 10 423 -79.0800 126.7500
2.0082582319e-01 -1.7096603891e-01 -1.3142209628e+00
177 123 61
12 24 197 68.8700 -54.0100 38 195 1.3100 -102.2700 3 215 70.7600 -58.2500 7 213 73.2600 -54.5800 8 137 55.3400 -70.0100 9 173 46.7000 -25.2000 25 240 4.5100 -38.4100 36 243 35.2700 -71.4400 30 219 -120.2200 -85.5200 29 234 -144.5500 -123.8200 26 306 10.6900 -19.4500 28 438 54.6800 -15.5400
1.7624436783e-01 1.3479224962e-01 -1.5660842668e+00
211 220 215
24 24 794 49.2200 39.4300 38 539 23.6800 -22.5000 3 632 75.0500 36.7700 7 979 74.5500 37.8600 8 560 39.0300 25.6700 9 511 45.9200 71.5300 23 870 82.0200 31.6800 27 746 97.0700 23.2300 4 497 81.0700 -68.1300 5 549 141.9000 -76.2300 6 416 73.2500 -92.6900 20 505 73.2600 -57.7200 22 484 78.7000 -76.4800 33 578 70.1900 -95.5800 34 426 106.4500 -84.4100 35 597 58.8300 -101.2200 21 341 99.7100 -77.8800 30 375 -7.0000 -117.0900 32 347 52.6900 -106.8200 2 512 -111.9200 32.8200 16 377 -99.1900 -21.6700 14 572 -134.5400 -21.0500 15 515 -108.4300 -34.1400 13 912 -124.0200 17.4500
4.1718988032e-01 1.5456132773e-01 -1.6086878414e+00
232 217 202
31 24 565 113.2800 44.0600 38 388 69.0000 -34.3400 3 433 134.0600 36.7600 8 398 96.1200 31.1000 9 510 102.6400 69.4700 25 451 28.5300 46.8500 36 463 89.4600 2.6200 37 417 200.3500 10.8800 4 316 113.1200 -127.7100 5 242 196.0200 -150.5400 6 281 86.9500 -165.4200 19 335 69.3500 -135.3400 20 229 113.3000 -135.5700 22 305 111.2400 -144.7700 33 407 99.2600 -147.1000 34 271 135.6800 -159.0200 35 267 74.6200 -173.0100 21 173 110.5300 -172.1400 18 518 -19.2000 -198.7000 30 268 -20.7300 -205.2500 31 231 22.8800 -198.7000 32 241 71.1400 -190.0900 17 527 -56.6400 -187.0100 29 292 -82.2200 -207.7000 2 540 -153.9300 66.8400 16 290 -168.8200 -16.0500 26 530 -72.0400 51.0200 28 830 -23.4000 53.8000 11 557 -98.7500 29.3200 14 578 -192.0500 -9.5500 15 520 -170.1900 -22.9500
3.9531997733e-01 -1.3908900868e-01 -1.3414898569e+00
231 193 131
13 24 374 130.1400 -42.2300 38 486 42.2300 -108.5900 3 395 122.6900 -54.9000 7 384 137.9300 -50.7200 8 366 107.3600 -58.5800 9 328 97.6300 -20.8100 23 362 140.4200 -63.3900 25 420 41.2600 -24.4200 27 342 171.4400 -59.5100 2 562 -66.5600 112.3900 16 403 -107.9900 73.3600 26 403 9.1700 21.7400 28 819 52.7400 23.3200
2.9923941511e-01 2.0149387777e-01 -1.6367769084e+00
209 202 211
24 24 808 80.1000 55.6500 38 545 51.6300 -15.3000 3 649 106.9300 52.8400 7 993 109.4300 51.0400 8 406 66.7900 43.6000 9 517 76.0700 86.4300 23 879 119.3200 42.1100 37 564 172.0600 25.7800 4 334 116.2400 -92.6100 5 363 191.5300 -104.9800 6 391 102.8100 -129.7100 20 319 119.0900 -90.3300 22 319 117.3300 -105.5800 33 560 100.9200 -116.0300 34 283 144.7000 -118.4200 35 380 86.8000 -137.6600 21 238 135.6700 -127.8800 18 662 6.2500 -183.3600 30 358 10.0800 -170.1700 31 241 51.2200 -156.6400 32 249 85.5600 -149.4800 29 372 -61.2600 -185.9000 2 741 -151.5200 40.1800 16 365 -146.8100 -38.5300
2.1412440939e-01 5.7007265880e-02 -1.4927425240e+00
182 137 106
35 24 544 63.3000 18.9300 38 521 24.2000 -45.1500 3 617 82.0100 12.0300 7 611 83.7500 16.2800 8 386 51.4400 2.9300 9 345 54.3300 46.6100 23 568 89.5700 9.1000 36 451 46.8200 -15.9700 27 504 107.9000 4.4000 37 546 143.1000 -12.3800 4 341 57.1000 -84.0600 5 537 114.6500 -96.2400 6 412 42.4700 -100.6900 19 476 24.8100 -103.8300 20 331 40.0700 -74.4000 22 474 50.2600 -91.6000 33 567 50.3100 -111.3700 34 413 75.8700 -98.2400 35 394 30.6500 -109.3800 21 340 58.3600 -83.0600 18 706 -18.8800 -139.5800 30 374 -43.9700 -117.7200 31 325 -9.4300 -107.4600 32 263 21.1900 -119.2500 17 742 -38.3300 -131.5300 29 386 -93.9700 -149.2000 2 763 -93.5400 54.7100 16 390 -95.0100 9.4700 26 510 -48.7800 1.6000 28 812 -1.4500 7.9300 11 540 -62.8900 3.7900 10 543 -61.7900 23.9100 14 901 -120.4700 2.7100 15 531 -96.4600 -9.3800 12 616 -79.9300 30.5300
5.7935647084e-01 -9.1329442231e-02 -1.3904304462e+00
171 116 60
