# Bundle file v0.3
65 2367
0 0 0
0 0 0
0 0 0
0 0 0
0 0 0
0 0 0
0 0 0
0 0 0
0 0 0
0 0 0
0 0 0
0 0 0
0 0 0
0 0 0
0 0 0
1.4953666024e+03 -3.3127670592e-02 6.5119663911e-02
-8.8632134229e-01 -3.0796870362e-01 3.4581751805e-01
4.6144158984e-01 -6.4996809981e-01 6.0383203657e-01
3.8808985584e-02 6.9476380650e-01 7.1819016689e-01
8.0167053509e-01 -3.9301449619e-01 6.5164865910e+00
1.1875835967e+03 -2.6003948953e-02 1.3617948997e-02
9.1472121334e-01 3.1751247251e-01 -2.4994185655e-01
-3.5247722465e-01 9.2941629036e-01 -1.0929393995e-01
1.9759784402e-01 1.8807229729e-01 9.6207271193e-01
-5.3763808174e-01 2.4585243909e+00 1.1028708074e+00
1.0418870265e+03 2.6322805461e-02 3.8058265587e-02
9.2500651338e-01 3.7258508061e-01 -7.4453394188e-02
-3.7839168250e-01 9.2108638292e-01 -9.1758431869e-02
3.4390184814e-02 1.1304969223e-01 9.9299399911e-01
-4.6794412987e-01 2.1030589683e+00 2.9861121565e+00
1.6070990063e+03 -3.2809123894e-02 -1.8849913577e-02
9.9517404486e-01 -2.4365406359e-02 -9.5052340396e-02
3.1563052098e-02 9.9668615100e-01 7.4969928288e-02
9.2910678525e-02 -7.7608268749e-02 9.9264523493e-01
-1.3155919732e-01 6.6310125025e-01 1.1012296620e+00
1.6079356150e+03 -5.6969810739e-02 1.6179526942e-02
9.6503597958e-01 -2.6117303240e-01 -2.2230727820e-02
2.6143451079e-01 9.5293527143e-01 1.5351340343e-01
-1.8909116438e-02 -1.5395783711e-01 9.8789646710e-01
7.8232364604e-01 1.8758319474e+00 -5.4373765409e-01
1.6465638961e+03 -8.1535185081e-02 8.0418237308e-02
9.8571906022e-01 9.2610914245e-02 -1.4064548655e-01
-8.9451082350e-02 9.9557939808e-01 2.8638540266e-02
1.4267599023e-01 -1.5648663998e-02 9.8964573516e-01
1.7368805854e+00 -2.6198760841e-01 6.8356179453e-01
1.5853938187e+03 -5.4148603619e-02 2.2728610308e-02
9.8890678726e-01 7.4815466222e-02 -1.2831995993e-01
-5.0052276781e-02 9.8120758488e-01 1.8635032858e-01
1.3985040469e-01 -1.7786039859e-01 9.7406752483e-01
8.0103012870e-01 1.2930925875e+00 -1.5240241490e+00
1.6990815341e+03 -2.7381349238e-02 3.1527190522e-02
8.7368957868e-01 4.3864655773e-01 -2.1037042924e-01
-3.9812617349e-01 8.9320836149e-01 2.0898414522e-01
2.7957480233e-01 -9.8833295775e-02 9.5502351256e-01
4.7671063355e+00 -2.1577446804e-01 -7.7592490623e-01
1.6177399386e+03 -3.1119041468e-02 3.9607740204e-02
9.2834324460e-01 3.1210419028e-01 -2.0191531547e-01
-2.2618758142e-01 9.0533534720e-01 3.5945387344e-01
2.9498813235e-01 -2.8802583830e-01 9.1105604561e-01
4.2468418610e+00 3.8281113319e+00 -3.0616705744e+00
1.6245925665e+03 -8.6003091963e-02 1.7617297997e-01
9.1390667787e-01 3.3536545354e-01 -2.2870198234e-01
-2.6941412631e-01 9.2255757522e-01 2.7623097029e-01
3.0362907090e-01 -1.9083378363e-01 9.3348371937e-01
1.6069241897e+00 2.4865700934e+00 -6.3156231906e+00
0 0 0
0 0 0
0 0 0
0 0 0
0 0 0
0 0 0
0 0 0
0 0 0
0 0 0
0 0 0
0 0 0
0 0 0
0 0 0
0 0 0
0 0 0
0 0 0
0 0 0
0 0 0
0 0 0
0 0 0
0 0 0
0 0 0
0 0 0
0 0 0
0 0 0
0 0 0
0 0 0
0 0 0
0 0 0
0 0 0
0 0 0
0 0 0
0 0 0
0 0 0
0 0 0
0 0 0
0 0 0
0 0 0
0 0 0
0 0 0
0 0 0
0 0 0
0 0 0
0 0 0
0 0 0
0 0 0
0 0 0
0 0 0
0 0 0
0 0 0
0 0 0
0 0 0
0 0 0
0 0 0
0 0 0
0 0 0
0 0 0
0 0 0
0 0 0
0 0 0
1.5783743510e+03 -1.3707346927e-01 7.8108978512e-02
5.1813641111e-01 -8.3884888178e-01 1.6693475676e-01
5.2244348485e-01 4.6494114366e-01 7.1476047601e-01
-6.7719086277e-01 -2.8312945179e-01 6.7915406861e-01
-1.8035113692e-01 3.7128276999e+00 -1.7487120852e+00
0 0 0
0 0 0
0 0 0
0 0 0
0 0 0
0 0 0
0 0 0
0 0 0
0 0 0
0 0 0
0 0 0
0 0 0
0 0 0
0 0 0
0 0 0
1.5556991723e+03 -4.1564064107e-02 1.4178214885e-02
7.0689894165e-01 -6.9860644573e-01 1.1064773055e-01
7.0410542563e-01 7.0991285796e-01 -1.6102288789e-02
-6.7301083883e-02 8.9290358317e-02 9.9372923677e-01
9.9927132399e-01 6.3750359976e-01 3.2903825018e-01
1.6339708070e+03 -1.4647155784e-02 -2.6375101856e-03
9.6414349428e-01 -2.6310672082e-01 -3.4672408389e-02
2.6479523111e-01 9.6244705903e-01 5.9825948726e-02
1.7629748295e-02 -6.6861887645e-02 9.9760647550e-01
-2.5057191956e-01 5.3787644011e-01 2.0583072320e+00
7.2864246165e+02 1.2224632451e-03 -2.5712450669e-03
8.6731087535e-01 -4.7964057387e-01 1.3310434026e-01
4.9603680216e-01 8.5509803556e-01 -1.5084707648e-01
-4.1464881549e-02 1.9685596124e-01 9.7955520218e-01
4.2798755926e+00 2.7770056203e+00 1.8512061381e+00
0 0 0
0 0 0
0 0 0
0 0 0
0 0 0
0 0 0
0 0 0
0 0 0
0 0 0
0 0 0
0 0 0
0 0 0
0 0 0
0 0 0
0 0 0
1.5959980962e+03 -5.0194976762e-02 2.1317111660e-02
7.8567697780e-01 -6.1790798971e-01 3.0023370914e-02
5.9121539989e-01 7.6425541773e-01 2.5763929708e-01
-1.8214290401e-01 -1.8467098505e-01 9.6577460611e-01
8.2502334442e-01 1.4142854298e+00 1.3729753468e+00
1.5855279230e+03 6.5843128129e-04 -4.6179212899e-02
9.4713314510e-01 2.7283543474e-01 -1.6881833729e-01
-2.0179135404e-01 9.1563937263e-01 3.4768489862e-01
2.4943747692e-01 -2.9523781067e-01 9.2228823058e-01
-4.0340690093e-01 1.3597288611e+00 1.4023013037e+00
0 0 0
0 0 0
0 0 0
0 0 0
0 0 0
0 0 0
0 0 0
0 0 0
0 0 0
0 0 0
0 0 0
0 0 0
0 0 0
0 0 0
0 0 0
0 0 0
0 0 0
0 0 0
0 0 0
0 0 0
0 0 0
0 0 0
0 0 0
0 0 0
0 0 0
0 0 0
0 0 0
0 0 0
0 0 0
0 0 0
1.6174058102e+03 -4.2165467264e-02 3.1233359813e-03
6.3399881838e-01 -7.6147040326e-01 1.3493822010e-01
7.5206055032e-01 6.4774511535e-01 1.2178339044e-01
-1.8014002037e-01 2.4271186427e-02 9.8334148828e-01
4.7696004841e-01 1.4874613244e+00 9.2829613004e-02
1.5887153954e+03 2.9838178848e-02 -6.3553384532e-02
5.2746573098e-01 -8.3035306954e-01 1.7970443107e-01
8.3496617709e-01 5.4572435990e-01 7.0826592022e-02
-1.5688016371e-01 1.1268852168e-01 9.8116762651e-01
-2.0551947095e+00 1.3434237662e+00 -3.5902087867e-02
0 0 0
0 0 0
0 0 0
0 0 0
0 0 0
0 0 0
0 0 0
0 0 0
0 0 0
0 0 0
0 0 0
0 0 0
0 0 0
0 0 0
0 0 0
1.8223433208e+03 -3.6426624875e-02 -7.9165283378e-02
9.7231609242e-01 2.1059720184e-01 -1.0124344425e-01
-2.2288162371e-01 9.6598322811e-01 -1.3114947513e-01
7.0179756612e-02 1.5008404842e-01 9.8617928399e-01
4.8053239740e+00 3.5198165941e+00 1.3754841660e+00
0 0 0
0 0 0
0 0 0
0 0 0
0 0 0
0 0 0
0 0 0
0 0 0
0 0 0
0 0 0
0 0 0
0 0 0
0 0 0
0 0 0
0 0 0
0 0 0
0 0 0
0 0 0
0 0 0
0 0 0
0 0 0
0 0 0
0 0 0
0 0 0
0 0 0
1.5487580814e+03 -7.5454823679e-02 -4.5032538909e-02
3.9864844598e-01 -9.0352284165e-01 1.5724468555e-01
7.0786580878e-01 4.1215383027e-01 5.7363334714e-01
-5.8309983131e-01 -1.1736990589e-01 8.0387741100e-01
-2.8286411422e-01 5.4748399100e+00 -3.1343310053e+00
1.6327114093e+03 -2.0194981184e-02 -3.8229426166e-03
8.9683484006e-01 -4.4228779226e-01 -8.2932783581e-03
4.4065254890e-01 8.9485324205e-01 -7.1154805459e-02
3.8892168841e-02 6.0159654326e-02 9.9743080722e-01
1.4205109426e+00 4.3764604788e+00 -2.5735986487e+00
1.6307075289e+03 -2.5552936835e-02 1.7782299485e-02
9.8899695039e-01 -1.3049566849e-02 -1.4735922408e-01
5.0250975072e-02 9.6650827374e-01 2.5166763060e-01
1.3913975572e-01 -2.5630346388e-01 9.5652948872e-01
1.6787498199e+00 4.2207820136e+00 -3.7477256489e+00
1.6323851178e+03 -1.0299771402e-01 1.8720417642e-01
8.1868171502e-01 5.1814866842e-01 -2.4755243265e-01
-3.6638193683e-01 8.0325603925e-01 4.6962113643e-01
4.4218155306e-01 -2.9377149764e-01 8.4745134451e-01
1.0486557271e+00 3.1089643268e+00 -3.5212494413e+00
1.5955029235e+03 1.3662510255e-02 -4.2787711399e-02
6.1665573739e-01 7.4884280935e-01 -2.4283769978e-01
-5.3132086689e-01 6.2351503528e-01 5.7352169722e-01
5.8089055591e-01 -2.2464070795e-01 7.8236993448e-01
-3.0580418567e-01 3.4552274668e+00 -3.1599562719e+00
1.6168465511e+03 2.7536333002e-02 -7.7956841354e-02
-2.7779546762e-01 9.4414964626e-01 -1.7723183586e-01
-5.2826206217e-01 3.9546838165e-03 8.4907217252e-01
8.0235208720e-01 3.2949325630e-01 4.9765984589e-01
6.1220374604e-01 2.9178008205e+00 -4.2500497434e+00
1.4682773960e+03 1.0359487966e-01 -6.4929418123e-02
-3.7517907688e-01 9.1272753860e-01 -1.6176866369e-01
-5.1833005617e-01 -6.1889124371e-02 8.5293826808e-01
7.6848852505e-01 4.0385415259e-01 4.9631362090e-01
-9.1155508992e-01 3.5763399573e+00 -3.0706610499e+00
1.6770728716e+03 -9.1428452339e-02 1.7442152046e-01
7.0612545494e-01 -7.0440942286e-01 7.2070846157e-02
7.0727621233e-01 7.0652285081e-01 -2.4203734376e-02
-3.3870361124e-02 6.8064868036e-02 9.9710579799e-01
2.6611228434e+00 3.7361103709e+00 -3.1230517737e+00
1.4969276041e+03 9.2727608482e-02 -3.4780972666e-01
4.5038797258e-01 -8.5660065979e-01 2.5176573200e-01
7.5748444324e-01 5.1587307397e-01 4.0011534563e-01
-4.7261823114e-01 1.0501486016e-02 8.8120470175e-01
-6.8339717019e-01 5.7339074017e+00 -4.9245681070e+00
0 0 0
0 0 0
0 0 0
0 0 0
0 0 0
1.6159046663e+03 -5.9108430967e-02 1.4061148181e-01
9.4616341283e-01 -3.2016824992e-01 4.7613947177e-02
2.3155689573e-01 7.7227610139e-01 5.9158349138e-01
-2.2617736461e-01 -5.4870931737e-01 8.0483655780e-01
9.5914162500e-01 5.0919017110e+00 -6.4258755935e+00
-9.9981241982e-01 -7.5979010554e-01 -3.8286472457e+00
46 50 49
10 6 118 -433.6800 -242.1200 36 66 -670.1600 -340.2900 9 348 74.8000 -34.2700 29 139 177.1400 -243.4100 7 282 39.9100 115.7600 43 140 -43.5800 -103.8600 56 771 277.9000 545.3600 58 250 -133.8800 320.7800 35 73 310.0900 -588.9200 8 64 612.9301 -523.0699
-1.0004980839e+00 -7.6019902752e-01 -3.8310633640e+00
46 50 49
13 6 117 -433.6800 -242.1200 36 65 -670.1600 -340.2900 9 347 74.8000 -34.2700 29 138 177.1400 -243.4100 7 281 39.9100 115.7600 43 139 -43.5800 -103.8600 12 361 212.5500 161.7900 61 549 526.0500 611.9900 56 770 277.9000 545.3600 11 639 933.4100 481.2400 58 251 -133.8800 320.7800 35 72 310.0900 -588.9200 8 63 612.9301 -523.0699
-5.0412646968e-01 -1.1021566253e+00 -4.0550799632e+00
14 21 31
2 6 295 -122.8600 -422.1000 36 100 -366.8800 -706.5601
2.6014743308e-01 5.4224808258e-01 -4.4498943190e+00
30 35 38
3 6 38 256.8101 422.5000 36 23 420.8600 146.1700 30 31 9.0500 582.1500
-8.0297922357e-01 -1.1703564931e+00 -3.7510821259e+00
35 35 43
9 6 50 -336.3200 -493.7500 36 30 -699.7000 -703.9500 9 257 126.2200 -160.9100 29 90 374.9600 -313.9800 7 185 158.7900 -10.7400 43 110 165.1000 -155.1100 12 354 220.9200 98.3200 61 347 635.3800 580.3300 44 59 -934.0800 -98.4800
4.2042994919e-01 -2.8269747778e-01 -4.5530515312e+00
205 207 194
3 6 56 344.7600 29.0700 36 33 417.3700 -344.9800 30 23 258.9301 67.7500
-8.5664738095e-01 -1.2313372695e+00 -3.7287550241e+00
170 173 178
16 6 115 -369.2400 -539.9500 36 59 -767.1000 -742.9200 9 345 106.8800 -177.2300 29 191 380.3800 -351.7700 7 386 144.8800 -37.3800 43 188 173.0900 -191.9300 12 737 209.5000 91.5600 57 476 155.0200 167.2400 61 346 637.2700 563.3600 44 162 -928.8600 -132.1400 56 763 318.7200 468.8900 11 913 966.0900 397.1100 59 596 79.3600 44.0400 60 699 -268.8500 223.8700 64 1829 69.1801 327.2600 25 303 -103.5600 11.5800
-8.0884152399e-01 -1.0344871567e+00 -3.8007179183e+00
172 176 179
7 6 173 -330.6700 -407.3700 36 61 -640.1100 -591.1200 29 348 325.0900 -268.6100 7 388 138.6600 39.6000 43 267 109.4900 -115.6900 35 97 573.0800 -669.7200 8 109 700.2700 -675.7500
-6.3394832964e-01 -9.2661769137e-01 -4.0626313988e+00
11 17 23
2 6 179 -194.6300 -323.2700 36 109 -404.8200 -548.0900
-6.8153954165e-01 -8.5078595852e-01 -4.0726543309e+00
10 15 18
2 6 183 -219.7300 -281.0601 36 113 -412.9800 -485.1300
-2.1596381437e-02 1.6948890859e-01 -4.4918143511e+00
15 17 16
3 6 227 128.3400 235.9299 36 139 215.3800 -24.3000 30 76 -107.0700 286.2000
-2.1416790606e-02 1.6886723443e-01 -4.4900312203e+00
15 17 16
4 6 228 128.3400 235.9299 36 138 215.3800 -24.3000 30 77 -107.0700 286.2000 9 493 364.8900 165.5100
5.1368987931e-02 3.2379584207e-01 -4.5030382645e+00
188 191 174
5 6 229 161.8000 307.2800 36 235 276.8600 46.4300 30 150 -87.0700 394.1100 12 765 426.1100 232.9600 57 725 516.9100 268.4399
-9.4079989318e-01 -1.2148470168e+00 -3.7167462941e+00
93 106 114
10 6 269 -422.8100 -529.2100 36 101 -823.8600 -705.7300 9 651 80.4301 -170.3200 29 483 350.4500 -374.7400 7 545 109.4200 -39.5600 43 380 143.7500 -218.1300 55 1288 289.9700 797.7200 57 1775 134.8000 178.3100 61 761 621.6700 554.3000 8 159 634.3000 -776.0800
-8.2033088767e-01 -1.2085722801e+00 -3.7439970700e+00
34 38 41
4 6 273 -346.2000 -522.2400 36 166 -726.9100 -730.6100 29 490 382.2000 -332.0800 43 386 173.8600 -171.8800
-8.2007627430e-01 -1.2077912284e+00 -3.7419205539e+00
34 38 41
8 6 274 -346.2000 -522.2400 36 167 -726.9100 -730.6100 9 650 119.3900 -170.2800 29 491 382.2000 -332.0800 7 687 155.2800 -26.0600 43 387 173.8600 -171.8800 57 1766 163.9100 166.5300 44 394 -926.2400 -114.3100
-5.6535924944e-01 -9.3793382878e-01 -4.1075814309e+00
13 19 27
2 6 308 -152.6500 -325.7200 36 179 -352.3000 -571.2500
-5.9748361888e-01 -9.0521103516e-01 -4.0935773586e+00
130 138 152
2 6 310 -171.7000 -309.0800 36 181 -368.2800 -540.9800
-6.1630109524e-01 -9.0694181359e-01 -4.1455204256e+00
130 138 152
3 6 311 -171.7000 -309.0800 36 182 -368.2800 -540.9800 30 102 -374.1500 -597.0900
-6.4597893196e-01 -8.3088390858e-01 -4.1086142895e+00
130 135 139
2 6 316 -196.5300 -267.6200 36 190 -376.7100 -480.1500
-6.8030228280e-01 -8.0104433291e-01 -4.0988385108e+00
12 17 20
2 6 317 -216.1300 -251.8300 36 192 -393.3000 -452.8199
-7.7856186723e-01 -6.6108404079e-01 -4.1021611428e+00
10 12 17
2 6 332 -268.5200 -176.3800 36 207 -418.3500 -342.3900
-8.0819827286e-01 -5.2783778898e-01 -4.1827197296e+00
9 11 10
2 6 340 -273.5800 -105.6900 36 217 -384.2800 -262.4900
-3.0460182414e-03 2.1968764097e-01 -4.4772896933e+00
185 189 176
2 6 361 136.3199 260.8301 36 229 232.6200 2.8200
-5.9525766179e-03 2.2628515167e-01 -4.4981291209e+00
185 189 176
5 6 362 136.3199 260.8301 36 230 232.6200 2.8200 30 175 -108.0900 324.1799 9 696 368.7700 179.3600 12 1205 414.0800 221.6300
3.9700779854e-02 2.7405644243e-01 -4.5201297069e+00
104 112 109
5 6 364 155.4301 281.4700 36 144 264.5601 18.4200 30 147 -84.8100 358.1700 9 494 381.3600 189.2900 12 760 423.7000 224.9099
3.9473307050e-02 2.7832809787e-01 -4.5341583726e+00
104 112 109
6 6 365 155.4301 281.4700 36 145 264.5601 18.4200 30 148 -84.8100 358.1700 9 495 381.3600 189.2900 12 761 423.7000 224.9099 57 506 511.2500 257.8301
-1.0977351086e-01 2.5962650001e-01 -4.2502358196e+00
64 67 71
3 6 371 80.2500 306.5000 36 147 169.4600 85.6700 30 149 -205.4700 373.8201
-9.1620482665e-01 -4.8556061794e-01 -4.1407493968e+00
99 102 107
2 6 432 -334.7700 -83.6900 36 279 -446.5800 -215.4600
-1.1786325271e+00 -2.4293655872e-01 -4.1644841361e+00
99 100 101
2 6 447 -462.6900 38.0300 36 289 -526.6100 -44.2900
-8.7005602472e-01 -1.1812931016e+00 -3.7424605477e+00
149 152 151
6 6 541 -376.2400 -505.0000 36 257 -752.6000 -694.5200 9 840 103.5900 -161.4900 57 1769 158.1200 174.6000 61 1336 624.4200 569.4000 8 218 669.5800 -759.6400
-1.1793752704e+00 -1.1558521122e+00 -3.6883988853e+00
97 114 116
2 6 542 -572.3200 -494.8600 36 340 -972.9300 -596.4100
-7.5615780332e-01 -7.4187743718e-01 -4.0742657733e+00
147 155 158
2 6 588 -260.0400 -220.9100 36 367 -431.8800 -397.1801
-8.2291737543e-01 -7.1152548857e-01 -4.0394667741e+00
147 151 156
2 6 592 -300.8500 -205.8000 36 376 -474.6900 -361.9200
-8.7958168461e-01 -6.4100980804e-01 -4.0480062699e+00
136 141 134
2 6 598 -329.9800 -167.2200 36 384 -488.3900 -306.6000
-1.1990100043e+00 -4.9294761176e-01 -3.8674426467e+00
129 145 141
2 6 615 -537.7000 -86.9500 36 401 -697.7300 -133.9900
5.2201318239e-02 6.0544345198e-01 -4.4561958299e+00
137 155 158
4 6 646 156.4000 445.3500 36 534 310.9800 195.2300 30 332 -137.8700 582.6700 29 769 46.2800 451.0000
5.2201318239e-02 6.0544345198e-01 -4.4561958299e+00
137 155 158
4 6 647 156.4000 445.3500 36 535 310.9800 195.2300 30 333 -137.8700 582.6700 29 768 46.2800 451.0000
-1.2223589959e+00 -1.2226299717e+00 -3.6630029795e+00
119 130 136
4 6 673 -605.3800 -540.5200 36 451 -1035.8101 -639.3700 29 820 268.9301 -478.6600 8 393 488.7200 -771.8000
-7.2482685246e-01 -1.2161812827e+00 -3.7575006747e+00
108 118 122
13 6 676 -286.6700 -526.5601 36 447 -657.7300 -762.5100 9 1166 148.9200 -176.2100 29 1255 411.7800 -301.5400 7 1085 192.2100 -19.5200 43 650 202.0200 -139.2600 12 3380 231.0800 86.2300 57 2068 185.0400 154.2300 61 2290 653.0400 585.9600 44 850 -895.7700 -82.1600 56 4954 348.4100 469.8600 11 2817 1000.8601 389.4200 35 313 737.7200 -751.0900
-8.6638390026e-01 -1.2119834780e+00 -3.7324469801e+00
111 121 128
6 6 678 -375.8300 -526.1899 36 448 -765.3300 -722.1300 9 1415 104.5000 -171.1300 29 1238 369.3000 -347.5699 43 883 162.7900 -189.0000 8 390 670.6500 -777.4600
-5.8424462564e-01 -2.5577874350e-01 -4.3256161085e+00
19 20 20
2 6 726 -146.7500 33.4800 36 474 -177.3400 -156.0500
6.2567793907e-02 1.0082032147e-01 -4.5227627592e+00
197 200 191
3 6 771 169.0900 201.7000 36 585 254.7100 -75.6900 30 361 -39.5500 253.1300
1.0632362493e-01 1.8299593965e-01 -4.5642158217e+00
30 34 35
4 6 777 188.7300 237.3700 36 497 288.6200 -45.6400 30 324 -23.9600 306.3101 9 1227 396.6400 162.0600
7.7290268800e-03 2.3448519883e-01 -4.4700530410e+00
193 201 189
3 6 781 141.5900 269.1300 36 598 239.8700 10.2800 30 363 -101.1800 336.9000
4.0327771448e-02 5.7371819998e-01 -4.4513682927e+00
142 155 161
3 6 799 151.4000 430.9200 36 531 300.4700 182.4600 30 381 -140.0300 562.1799
2.3762884361e-01 6.0503887097e-01 -4.4956740214e+00
134 145 147
2 6 801 244.8700 443.0500 36 635 412.7000 167.5200
1.9806423570e-01 6.6265501688e-01 -4.5085506500e+00
98 115 121
2 6 803 224.6801 466.1600 36 532 396.5500 196.0400
-1.0002884510e+00 -1.2256640437e+00 -3.7029009576e+00
108 121 130
7 6 828 -462.5800 -538.0800 36 559 -873.7800 -699.8500 29 1208 336.3900 -400.0699 7 1497 87.0900 -49.0400 43 614 131.3199 -242.4900 61 2275 614.9301 543.8400 8 388 603.6200 -780.5400
-5.8139056503e-01 -2.3739238024e-01 -4.2968741932e+00
146 146 118
3 6 873 -147.0400 43.8900 36 579 -177.4600 -142.5000 30 421 -441.2500 -73.8300
-2.4289861783e-02 5.8847763408e-02 -4.4821636451e+00
185 188 161
3 6 888 128.5400 185.1800 36 720 199.0800 -80.4700 30 359 -90.1400 215.6699
3.6298795103e-02 2.5784067830e-01 -4.5405967833e+00
105 114 112
2 6 910 154.8400 272.5300 36 595 259.9000 5.3500
1.7390268012e-01 6.5124842997e-01 -4.5001078033e+00
65 69 72
2 6 924 214.0699 462.1300 36 642 381.8000 194.7300
-5.3595643725e-01 8.4138211948e-01 -4.0564533522e+00
15 22 35
2 6 944 -156.6300 621.4299 36 669 0.9000 481.6200
-7.5730012291e-01 -1.0239990379e+00 -3.7886306360e+00
95 113 121
2 6 980 -302.2600 -402.8199 36 681 -607.0000 -592.2500
6.3987198781e-02 1.2301641374e-01 -4.5304932128e+00
112 124 131
2 6 1066 169.9600 211.6800 36 722 258.2500 -65.6500
9.4768743491e-02 1.5452569515e-01 -4.5660897998e+00
23 29 40
2 6 1068 184.2200 223.8900 36 724 279.1300 -59.4200
-5.8735913793e-02 1.8642223606e-01 -4.4726565792e+00
189 192 178
3 6 1071 109.9600 244.4299 36 729 196.6300 -7.5000 30 491 -135.6000 293.8201
7.7144774877e-02 6.1957435259e-01 -4.4663686636e+00
27 35 47
3 6 1089 168.6200 450.1899 36 1094 325.8300 197.2700 29 2849 48.3500 460.1200
7.7102867647e-02 6.1756794623e-01 -4.4625503629e+00
27 35 47
2 6 1090 168.6200 450.1899 36 1095 325.8300 197.2700
9.9691765491e-02 6.5219877938e-01 -4.4850350868e+00
146 159 170
3 6 1091 178.2800 463.0200 36 878 342.1000 206.5700 30 448 -112.8300 612.2800
9.9688744953e-02 6.5225812236e-01 -4.4848753385e+00
146 159 170
3 6 1092 178.2800 463.0200 36 879 342.1000 206.5700 30 504 -112.8800 612.4500
-8.8246450387e-01 -1.2541991102e+00 -3.7210498827e+00
158 158 160
2 6 1132 -387.5100 -554.2600 36 780 -795.4500 -754.4200
-7.7955827629e-01 -1.0231715840e+00 -3.7933029223e+00
114 132 138
2 6 1160 -314.5600 -401.9900 36 792 -619.7700 -586.2400
5.4786393708e-01 -7.4903472197e-01 -4.4974974779e+00
186 187 181
3 6 1209 422.3400 -197.5900 36 914 443.3700 -663.2200 30 543 435.2400 -211.1100
-1.2350833086e+00 -5.4118355415e-01 -3.8531335139e+00
47 53 68
3 6 1232 -558.4900 -116.1500 36 845 -738.5200 -156.0300 29 1741 33.5100 -248.4399
-6.0623661100e-01 -2.7295489528e-01 -4.3119953265e+00
128 132 134
2 6 1725 -158.2800 26.1900 36 1307 -195.4000 -161.3500
-6.0324799734e-01 -2.7254633147e-01 -4.3059839792e+00
128 132 134
4 6 1726 -158.2800 26.1900 36 1308 -195.4000 -161.3500 30 547 -446.8000 -101.7700 29 4488 114.2600 34.0500
1.0686481409e-01 1.6242353697e-01 -4.5652773610e+00
152 173 159
3 6 1785 188.6500 227.8301 36 1042 286.9301 -56.3900 30 560 -20.0601 292.9800
1.3403431354e-01 3.7148709467e-01 -4.4149400193e+00
126 138 132
2 6 1798 200.3400 343.4299 36 1074 329.4800 79.7100
1.3403431354e-01 3.7148709467e-01 -4.4149400193e+00
126 138 132
2 6 1799 200.3400 343.4299 36 1075 329.4800 79.7100
1.1137521045e-01 6.6096304666e-01 -4.4920975142e+00
49 59 65
2 6 1839 183.8600 465.8800 36 1416 349.3000 207.4900
1.1137521045e-01 6.6096304666e-01 -4.4920975142e+00
49 59 65
2 6 1840 183.8600 465.8800 36 1417 349.3000 207.4900
5.5640468984e-01 -3.3766651617e-01 -4.1993256210e+00
66 70 71
4 6 55 443.7600 16.1700 36 32 525.4399 -371.1400 30 26 404.9700 84.7800 9 172 537.0200 45.0600
-4.2453999912e-02 -3.3833595296e-02 -4.3469197347e+00
192 194 180
2 6 58 120.0900 151.1900 30 36 -94.6500 167.7500
-1.2249001481e-01 -2.4387378501e-01 -3.9026416166e+00
255 255 255
4 6 87 66.8900 72.2900 36 72 53.6400 -140.9900 30 66 -146.4500 31.8200 9 260 343.6300 100.0100
-2.1498095194e-01 -6.6757885342e-02 -3.9719692056e+00
252 252 250
5 6 89 16.5400 166.2100 36 48 31.3101 -29.1400 30 35 -258.4800 152.7700 9 262 319.2800 147.2000 7 196 244.8300 414.2400
5.4729880764e-02 2.0035914070e-01 -4.5642511124e+00
175 181 174
3 6 91 164.0500 244.6599 30 50 -60.2000 307.0200 9 263 384.1400 167.0400
4.9833380969e-02 3.6704582528e-01 -4.3611986960e+00
12 14 13
2 6 92 160.6500 347.3900 30 41 -104.8400 452.9700
-3.7365698379e-01 -4.3221333267e-02 -3.9860738366e+00
219 223 217
3 6 219 -67.2600 172.8300 36 141 -64.1300 5.8600 30 71 -393.2400 134.4600
-3.6670699411e-01 -4.9378963697e-02 -3.9570342204e+00
219 223 217
5 6 220 -67.2600 172.8300 36 142 -64.1300 5.8600 30 72 -393.2400 134.4600 9 354 274.7700 154.5700 7 405 191.4399 408.2400
-2.8933261601e-01 3.1415479943e-01 -3.9841167994e+00
68 80 96
3 6 230 -27.5900 369.4200 36 242 53.3900 210.0800 30 78 -397.4400 439.6300
8.4948045267e-01 -9.7568293425e-01 -4.5169143114e+00
15 19 30
2 6 312 577.3000 -307.5699 30 137 675.5400 -307.0000
8.5022604522e-01 -9.7604407858e-01 -4.5191192564e+00
15 19 30
3 6 313 577.3000 -307.5699 30 138 675.5400 -307.0000 4 340 383.0400 630.6899
-4.6065516171e-01 4.7336834749e-01 -3.7814184067e+00
52 58 54
2 6 373 -143.1000 489.2300 36 311 -47.6200 387.9900
-2.2560501050e-01 9.7408389971e-03 -3.9131476311e+00
237 238 233
2 6 469 7.9200 211.8000 36 234 33.4399 38.4200
7.0628999291e-01 -1.0921164733e+00 -4.4095376851e+00
61 66 86
3 6 559 519.5900 -375.2100 30 248 628.9301 -425.9100 4 614 317.6899 616.5601
7.0596938173e-01 -1.0918156516e+00 -4.4083027332e+00
61 66 86
2 6 560 519.5900 -375.2100 30 249 628.9301 -425.9100
-2.4549945260e-01 -7.9034793518e-03 -3.9706108854e+00
86 95 106
4 6 768 1.4301 194.7800 36 516 22.4500 15.6100 9 1228 310.6100 162.8100 7 1141 227.3000 428.6600
-2.1288266482e-01 -9.2476216015e-03 -3.9470592799e+00
86 102 128
5 6 769 18.6899 199.4300 36 514 42.2900 14.9200 30 321 -275.9200 205.7300 7 1143 238.0601 435.4900 43 2154 -75.4900 359.5500
-1.8360500964e-01 1.5865222418e-02 -3.9672853841e+00
121 160 203
2 6 772 35.2600 211.6200 30 322 -252.4000 228.9700
5.9842282103e-01 -3.8061771044e-01 -4.1164307741e+00
206 210 195
2 6 861 474.3900 -6.4500 36 692 562.9800 -399.6801
-1.3570676420e-02 -3.3456836109e-01 -3.9085302532e+00
163 188 216
3 6 868 137.5000 21.5200 30 352 -36.1100 -19.8500 7 2488 346.0300 350.6500
-4.4892185746e-01 -4.9264358961e-02 -3.9106358593e+00
113 120 114
2 6 887 -116.9000 175.5700 30 357 -472.3500 121.0200
-4.4105872693e-02 5.5313196436e-02 -4.4387961602e+00
96 107 115
2 6 890 119.0699 186.5700 30 360 -105.8800 215.6200
-1.9251300105e-01 -1.3500185980e-02 -4.0036272954e+00
179 205 232
3 6 891 33.3600 190.7600 36 508 59.4200 -4.1400 30 358 -248.9400 197.2400
-3.3121853617e-01 4.6831561646e-01 -3.7809303913e+00
72 69 76
3 6 928 -64.6500 491.9100 36 765 35.0601 369.7900 30 384 -525.3300 628.0400
-3.3663244693e-01 4.6644844546e-01 -3.7446647197e+00
70 72 67
2 6 932 -71.9800 500.0200 30 389 -539.5600 638.8600
7.0045151804e-01 -1.0742486481e+00 -4.4194497283e+00
233 232 231
2 6 985 515.6899 -364.9700 30 410 618.3400 -413.3700
5.3444422201e-01 -9.4965175140e-01 -4.4224177792e+00
215 218 207
2 6 989 426.0500 -302.8800 30 414 478.0500 -356.5500
-4.5577308586e-01 -9.5897630777e-02 -3.9292342451e+00
81 89 109
3 6 1055 -117.0700 147.3700 36 594 -136.3900 -2.9000 30 427 -464.0600 78.9800
-4.3498591097e-02 7.9521269969e-02 -4.5597331165e+00
97 107 120
2 6 1063 119.9100 186.5000 30 488 -101.6000 216.0701
-1.3060323230e-01 2.2189376193e-01 -4.4277305511e+00
174 178 167
2 6 1072 74.4500 264.9299 30 493 -193.3900 310.5100
-7.9248594313e-02 -3.0430274414e-01 -3.8890247998e+00
229 227 211
3 6 1272 98.1700 38.5800 30 486 -101.4800 -8.1200 9 2364 358.5900 83.0000
5.2691331423e-02 2.5604167286e-01 -4.5729060194e+00
180 186 173
2 6 1323 162.2000 268.1799 30 495 -70.2600 340.0800
6.5558453724e-01 -1.1019924633e+00 -4.3980819220e+00
235 231 222
2 6 1478 495.0200 -381.5300 30 535 598.0601 -444.3800
5.5514177342e-02 9.1648931498e-02 -4.5424565591e+00
101 102 106
2 6 1778 165.9500 195.4000 30 558 -41.7400 243.5100
1.4333312569e-01 4.1040398940e-01 -4.4544325905e+00
126 145 144
2 6 1802 203.7000 356.6600 30 641 -44.5200 476.8900
2.0018209249e-01 4.2733098033e-01 -4.4478529519e+00
145 163 165
2 6 1803 230.9399 366.9299 30 643 -10.5400 499.6600
2.0018209249e-01 4.2733098033e-01 -4.4478529519e+00
145 163 165
2 6 1804 230.9399 366.9299 30 644 -10.5400 499.6600
8.2502745862e-02 4.8614840333e-01 -4.4258438564e+00
35 40 66
2 6 1810 173.4900 394.9600 30 647 -99.4300 521.1200
3.1082547928e-01 5.0296119063e-01 -4.4931934318e+00
120 133 119
2 6 1813 281.3400 398.2100 30 654 48.5800 555.7200
-7.7323768045e-02 3.5532093486e-01 -3.9653886285e+00
195 206 210
3 6 1815 89.8500 400.0000 36 881 194.0601 214.4399 30 568 -239.6800 527.9299
2.0582024628e-01 6.7710057629e-01 -4.5272037576e+00
146 157 141
2 6 2766 227.3900 469.6899 30 755 -47.6400 634.7400
-3.0266097197e-01 -1.4705079619e-02 -3.9737729291e+00
70 80 80
2 36 49 -15.5400 17.6000 30 37 -342.6000 175.7400
-3.3454345026e-02 -6.5086006798e-01 -4.4199157686e+00
180 184 170
2 36 63 84.8000 -487.7100 30 48 29.5800 -255.9301
-5.3616526195e-01 -1.0670577687e+00 -4.1441677522e+00
153 157 160
2 36 103 -355.7200 -671.3500 30 88 -277.1100 -710.5100
-5.8106905251e-01 -9.8707188049e-01 -4.1586216862e+00
152 152 154
2 36 174 -361.3900 -604.1600 30 92 -325.3200 -651.9700
-6.5705258757e-01 -1.0202647588e+00 -4.0743668902e+00
186 188 186
2 36 336 -439.6600 -612.2800 30 193 -395.9100 -719.3800
-6.8964291864e-01 -8.9370649372e-01 -4.1343018042e+00
172 173 168
2 36 348 -411.8600 -516.8500 30 207 -433.0300 -606.7600
-3.8317132740e-02 -3.2846506965e-01 -4.0328470527e+00
78 100 126
2 36 465 108.2800 -238.2500 30 351 -51.7900 -25.3800
8.3577267949e-02 4.8705879346e-01 -4.4296020849e+00
49 66 71
2 36 526 314.5000 140.6500 30 331 -98.6400 520.8300
1.9873881158e-01 6.5455481213e-01 -4.4925303443e+00
104 118 114
2 36 533 396.5500 196.0400 30 387 -49.8700 629.8700
-2.9495466915e-01 3.8445308518e-01 -4.0309438860e+00
154 154 152
2 36 653 65.3101 234.5200 30 330 -405.9500 481.0300
-4.1061926504e-01 5.4607859413e-01 -3.8494947003e+00
106 103 89
2 36 658 4.3900 397.2500 30 390 -585.1400 645.3800
-3.8660501221e-01 5.6606669082e-01 -3.8508505858e+00
172 169 156
2 36 659 23.2000 405.7300 30 340 -568.4600 667.1100
-3.8660501221e-01 5.6606669082e-01 -3.8508505858e+00
172 169 156
2 36 660 23.2000 405.7300 30 341 -568.4600 667.1100
-4.1062713809e-01 5.9429384773e-01 -3.8649495602e+00
42 45 40
2 36 663 14.2000 417.4000 30 394 -589.6400 679.1300
-3.7090176353e-01 8.9658063669e-01 -4.2587187060e+00
17 19 23
2 36 664 114.2600 425.3000 30 399 -501.6400 755.7100
5.1884671676e-02 8.2790313051e-02 -4.5096361849e+00
92 93 97
2 36 719 246.2500 -81.6800 30 433 -44.1600 241.3101
4.1888545335e-02 4.7251691119e-01 -4.4234558258e+00
193 206 210
2 36 745 289.3000 139.0400 30 443 -123.9200 505.4100
-3.5777993638e-01 5.5293000235e-01 -3.8565408331e+00
85 85 59
2 36 770 39.2200 393.3600 30 453 -539.2500 661.2500
7.9652738936e-02 6.3539749262e-01 -4.4643459231e+00
113 129 129
2 36 877 329.5800 205.4400 30 502 -124.6300 604.3900
-3.9017718069e-01 5.2595869429e-01 -3.8274522909e+00
175 173 144
2 36 890 10.9399 392.3101 30 510 -570.9300 642.8000
-4.5908559209e-01 -9.8533321118e-02 -3.9703136245e+00
215 222 209
2 36 1049 -131.2300 -12.1600 30 551 -454.2300 71.6200
-3.5713457874e-01 5.3294097828e-01 -3.8501355994e+00
67 68 58
2 36 1105 35.4700 384.5800 30 583 -536.5500 647.5000
-3.5713457874e-01 5.3294097828e-01 -3.8501355994e+00
67 68 58
2 36 1106 35.4700 384.5800 30 584 -536.5500 647.5000
-4.1779061511e-01 5.8338689878e-01 -3.8517874319e+00
172 174 169
2 36 1111 6.5000 417.2000 30 511 -598.0600 673.8500
-3.9948277124e-01 5.9666049463e-01 -3.8620513891e+00
167 168 147
2 36 1112 21.1899 418.8000 30 512 -581.7300 685.0000
1.4151662913e-01 1.6235050299e-01 -4.5843007594e+00
152 164 169
2 36 1331 306.5500 -63.7300 30 636 1.3700 296.0200
-4.5139978555e-01 -9.5028195341e-02 -3.9770266827e+00
42 51 52
2 36 1345 -124.3400 -12.4800 30 623 -447.0300 75.4600
1.3011628395e-01 1.5381452554e-01 -4.5746736304e+00
134 147 135
2 36 1840 298.9399 -65.3600 30 891 -4.4000 290.5500
-1.1081309171e+00 -1.2829125004e+00 -3.6647629665e+00
32 35 35
8 6 18 -531.9500 -582.5100 9 90 23.2100 -183.4100 29 39 329.7400 -459.7400 7 66 51.3900 -80.4100 43 33 120.6801 -302.3800 12 135 165.7300 97.9100 55 125 258.6801 769.6300 61 92 612.3000 516.6899
-1.3002556068e+00 -1.3301856936e+00 -3.6172686243e+00
33 34 36
5 6 25 -663.9300 -618.0400 9 87 -37.8199 -196.8800 29 50 285.1500 -545.0100 7 65 -19.2100 -117.8700 43 32 87.9301 -392.3800
-5.4790359793e-01 7.5636388449e-01 -4.2237058193e+00
188 191 180
2 6 30 -146.8600 538.8800 9 99 232.0601 349.2200
-8.4805201101e-01 -1.1222435665e+00 -3.7659736747e+00
40 41 43
6 6 33 -359.2900 -466.0000 9 115 113.2600 -144.3300 29 52 344.6700 -312.1300 7 89 134.3700 4.0800 43 54 132.9500 -155.8100 61 119 615.0100 581.0500
-9.8573558589e-01 -1.4372908811e+00 -3.6363929269e+00
134 145 148
6 6 44 -469.1700 -683.4900 9 162 58.2800 -239.5400 29 68 418.3600 -469.3600 7 131 118.0000 -129.4200 43 79 221.9000 -301.3700 58 240 -285.0500 253.6100
-8.7318899225e-01 -1.4165511215e+00 -3.6746061109e+00
126 133 139
7 6 45 -391.0500 -666.8800 9 163 96.6400 -234.9200 29 88 439.7900 -419.8300 7 132 159.7400 -109.1600 43 109 240.0601 -253.5699 55 221 329.8500 761.1700 44 57 -870.3300 -180.9400
-8.7052657973e-01 -1.4155594457e+00 -3.6714593051e+00
126 133 139
12 6 46 -391.0500 -666.8800 9 164 96.6400 -234.9200 29 87 439.7900 -419.8300 7 133 159.7400 -109.1600 43 108 240.0601 -253.5699 12 348 197.5601 67.0700 55 323 331.7000 762.7500 44 58 -870.3300 -180.9400 56 488 321.0500 437.0400 11 620 964.2500 365.4399 58 551 -256.2800 238.0701 64 1469 82.1500 311.7500
-1.1505427499e+00 -1.4181496222e+00 -3.6245956167e+00
121 130 137
13 6 47 -570.8000 -672.3500 9 165 6.5800 -229.3500 29 66 360.9800 -521.1500 7 127 51.2900 -139.4300 43 78 166.0200 -361.9800 12 244 150.8199 80.9500 55 159 269.7800 734.2700 57 192 65.9200 169.5800 61 161 632.5699 489.9299 44 43 -951.9700 -289.5800 56 248 253.4301 436.5200 11 124 885.0800 383.8800 58 247 -298.8000 279.3900
-1.2450420336e+00 -1.3888727402e+00 -3.6060999072e+00
37 37 35
8 6 48 -634.1000 -656.1801 9 166 -23.0800 -216.0699 29 83 323.9000 -547.6899 7 128 10.2700 -136.6700 43 104 128.4600 -390.1400 55 317 244.8800 732.4000 61 220 613.4301 479.5200 58 249 -308.6000 296.1799
-1.2450143340e+00 -1.3881056516e+00 -3.6057700823e+00
37 37 35
9 6 49 -634.1000 -656.1801 9 167 -23.0800 -216.0699 29 84 323.9000 -547.6899 7 129 10.2700 -136.6700 43 77 127.2600 -390.4700 12 247 137.4800 92.0900 55 318 244.8800 732.4000 61 221 613.4301 479.5200 44 56 -993.4200 -317.4500
-2.7469590339e-01 1.2476999994e-01 -3.9633566228e+00
232 233 227
2 6 60 -17.2800 269.2500 9 180 303.7300 201.3000
-2.7469590339e-01 1.2476999994e-01 -3.9633566228e+00
232 233 227
2 6 61 -17.2800 269.2500 9 181 303.7300 201.3000
-1.0730591800e+00 -1.4635495016e+00 -3.6205831209e+00
32 34 33
12 6 73 -525.2500 -705.4000 9 255 30.8300 -246.1400 29 86 401.6500 -509.8000 7 179 87.2900 -147.7300 43 107 206.2000 -345.1500 55 503 291.7800 734.8101 61 339 651.0800 496.4399 44 82 -914.5000 -270.3700 4 105 -442.8900 765.8700 58 241 -301.5300 261.5300 59 602 40.1801 88.1600 60 717 -293.5800 268.2700
-1.0728960133e+00 -1.4638985721e+00 -3.6211261292e+00
32 34 33
14 6 74 -525.2500 -705.4000 9 256 30.8300 -246.1400 29 85 401.6500 -509.8000 7 180 87.2900 -147.7300 43 106 206.2000 -345.1500 12 349 160.9900 69.1300 55 504 291.7800 734.8101 61 338 651.0800 496.4399 44 81 -914.5000 -270.3700 56 485 274.0200 427.2800 4 106 -442.8900 765.8700 58 242 -301.5300 261.5300 59 603 40.1801 88.1600 60 718 -293.5800 268.2700
-7.2452082508e-01 -1.3067443908e+00 -3.7400074884e+00
32 34 33
4 6 80 -288.9600 -584.2300 29 89 442.1500 -331.6700 57 188 173.4200 137.5900 58 237 -209.9100 227.6300
-1.2300894171e+00 -1.2490782092e+00 -3.6556086719e+00
172 173 176
13 6 81 -612.4800 -558.7700 9 346 -12.0500 -174.8600 29 125 276.9500 -490.7400 7 276 2.2400 -80.4100 43 129 75.8600 -337.8600 12 745 148.2600 107.6100 55 513 230.9000 763.4000 57 488 71.2500 200.9700 61 342 585.0601 504.8900 44 143 -1032.6300 -277.5400 56 761 234.0400 465.3700 58 562 -275.8900 306.3900 59 606 94.3199 99.2800
-1.0091556335e+00 -1.2381353040e+00 -3.7037243306e+00
162 167 172
7 6 83 -466.1700 -546.6200 29 127 337.3300 -408.8700 7 278 85.7100 -53.5900 43 132 133.2500 -249.4700 61 222 616.7400 541.2100 58 556 -240.3800 274.7200 59 287 85.1400 65.5500
-1.0109116865e+00 -1.2365195831e+00 -3.6969720506e+00
162 167 172
6 6 84 -466.1700 -546.6200 29 128 337.3300 -408.8700 7 279 85.7100 -53.5900 43 133 133.2500 -249.4700 57 704 118.6000 181.8500 44 153 -975.3500 -193.7900
7.7897252752e-01 -9.4968589150e-01 -4.5217669024e+00
237 237 235
2 6 85 540.2000 -295.3500 30 47 622.6600 -301.6600
9.0361257030e-01 -9.0926831741e-01 -4.5578651831e+00
239 238 234
2 6 86 597.3900 -272.1700 30 33 687.6500 -250.0699
5.0989966176e-01 -2.9412337879e-02 -4.6535865102e+00
209 212 202
2 6 88 378.9700 137.6300 30 49 259.7600 233.4000
-1.0174284745e+00 -1.4270918705e+00 -3.6418727606e+00
165 164 170
8 6 107 -488.8700 -676.2200 9 342 50.6801 -235.6801 7 272 104.9600 -127.3500 55 507 300.7400 747.4399 61 343 652.4100 511.0000 44 84 -908.0100 -238.6300 56 759 285.4000 435.3000 4 164 -414.2900 771.7900
-1.0470206040e+00 -1.5673570742e+00 -3.5876436293e+00
32 31 36
13 6 132 -517.5500 -781.5500 9 441 35.3000 -278.1500 29 309 445.9399 -538.5300 7 375 109.2100 -185.6100 43 251 255.5601 -369.4700 12 719 159.7300 56.7700 55 1265 311.9200 715.8199 57 1428 65.8000 136.8100 61 527 677.7600 485.6000 44 268 -872.0400 -285.8000 4 409 -452.9200 726.3900 60 1058 -323.8900 270.3900 25 407 -1.2000 -67.1300
-1.0982570245e+00 -1.4136306069e+00 -3.6272765490e+00
159 159 165
9 6 139 -538.9800 -670.6899 9 450 23.8500 -228.4600 7 381 71.2100 -130.8200 12 1615 159.9200 78.9400 55 1274 281.0200 741.7400 57 1017 76.5000 164.9400 44 276 -938.8700 -267.7100 4 353 -444.3500 789.7900 58 1111 -293.0300 271.9700
-1.1006911058e+00 -1.4136512284e+00 -3.6309362298e+00
159 159 165
16 6 140 -538.9800 -670.6899 9 451 23.8500 -228.4600 29 183 374.0601 -502.5200 7 382 71.2100 -130.8200 43 182 177.7000 -340.6600 12 1616 159.9200 78.9400 55 854 280.3800 741.4200 57 1018 76.5000 164.9400 61 531 638.2100 498.6600 44 277 -938.8700 -267.7100 4 354 -444.3500 789.7900 58 1112 -293.0300 271.9700 59 970 50.4800 89.5300 60 1054 -282.7500 269.1899 62 1242 -174.0900 536.6100 25 215 -88.4300 -60.4600
-1.1711207249e+00 -1.3848640392e+00 -3.6236639894e+00
165 166 170
3 6 145 -584.1800 -652.8199 29 180 343.5601 -517.9500 57 1024 65.1200 176.5600
-1.1710638237e+00 -1.3856961438e+00 -3.6247837527e+00
165 166 170
14 6 146 -584.1800 -652.8199 9 455 1.1899 -217.4500 29 181 343.5601 -517.9500 7 383 39.2500 -127.3100 43 181 147.1700 -358.8500 12 1144 149.3500 86.8500 55 853 261.4399 739.8700 57 1025 65.1200 176.5600 61 754 622.3700 492.7300 44 267 -970.2100 -289.0400 56 1167 248.6400 442.1000 11 1433 881.4100 390.7100 59 1375 60.4000 97.8200 60 1061 -269.3900 275.4299
-1.2677063884e+00 -1.2709448946e+00 -3.6393813522e+00
34 35 39
11 6 154 -637.5200 -575.2100 9 458 -25.9301 -180.0600 29 182 274.8900 -514.0000 7 534 -10.9800 -91.2500 12 1161 140.4500 106.6800 55 858 224.3101 753.5699 61 530 584.4500 493.0500 44 261 -1038.1899 -296.3900 56 1561 225.4301 462.2200 58 1121 -285.7000 308.8101 60 725 -230.3400 284.0500
-7.6801700820e-01 -1.2297566470e+00 -3.7484487971e+00
163 164 169
8 6 160 -314.9900 -535.5699 29 200 404.8600 -319.5200 7 387 175.3800 -28.6000 43 192 195.7800 -158.4000 12 1146 223.2600 87.0400 57 1015 173.3600 157.5100 61 540 649.3900 577.7800 58 753 -199.9100 239.6300
-1.0787949802e-01 -3.0582503996e-01 -3.9143210028e+00
35 38 31
4 6 208 81.8800 35.0000 9 478 349.8600 80.7300 7 402 309.5699 350.4600 12 365 375.2000 188.3300
-1.0807123926e-01 -3.0596896848e-01 -3.9156792742e+00
35 38 31
3 6 209 81.8800 35.0000 9 479 349.8600 80.7300 7 403 309.5699 350.4600
-1.6988485101e+00 -1.5201842992e+00 -3.4806848297e+00
115 125 126
14 6 238 -951.5500 -762.1100 9 821 -176.5900 -246.9200 29 432 233.1200 -772.5000 7 505 -164.8800 -238.4700 43 230 46.5500 -629.2500 12 1632 56.2600 95.9700 55 1732 157.3500 658.8400 57 1461 -64.2400 210.6800 61 1010 570.3600 385.7300 56 1546 125.5601 419.6100 11 1777 741.8101 401.9500 58 1853 -402.7900 346.2900 59 2264 56.3700 175.6100 25 509 -229.3300 -228.4600
-1.1037386550e+00 -1.5236272769e+00 -3.5914814344e+00
151 151 149
10 6 239 -551.6000 -750.3300 9 815 17.8500 -262.9100 29 456 414.5500 -543.5601 7 668 81.1600 -174.8100 43 362 223.0200 -377.7600 55 1753 293.4200 718.3600 61 1029 661.1500 481.2600 44 351 -903.6800 -296.7200 4 419 -466.3700 750.0000 59 1891 25.4399 96.4000
-1.1037386550e+00 -1.5236272769e+00 -3.5914814344e+00
151 151 149
10 6 240 -551.6000 -750.3300 9 816 17.8500 -262.9100 29 457 414.5500 -543.5601 7 669 81.1600 -174.8100 43 363 223.0200 -377.7600 55 1754 293.4200 718.3600 61 1030 661.1500 481.2600 44 352 -903.6800 -296.7200 4 420 -466.3700 750.0000 59 1890 25.4399 96.4000
-1.1468906904e+00 -1.4936069215e+00 -3.5974119769e+00
29 32 41
12 6 244 -576.4000 -727.5601 9 446 4.2800 -254.6200 29 308 390.7100 -548.0300 7 520 60.5900 -166.5800 43 249 197.7900 -384.4000 12 1608 146.9500 70.3900 55 1266 279.7000 719.5500 57 1434 56.7700 157.2300 61 752 647.9301 478.0900 44 258 -925.3300 -306.5200 4 425 -477.3400 766.6801 58 1459 -318.8500 270.8000
-1.1410637581e+00 -1.4572844432e+00 -3.6066425967e+00
163 163 163
12 6 247 -570.9800 -703.5200 9 630 8.4800 -240.7800 29 311 379.4000 -533.3400 7 526 58.6100 -152.0100 43 252 185.0100 -371.1801 12 1613 150.0601 75.4100 55 1272 275.7100 728.6000 57 1437 63.1899 162.1100 61 753 640.6700 484.3201 44 266 -937.1000 -293.6100 56 1554 256.7800 431.4800 4 430 -468.5200 778.4200
-1.1069885924e+00 -1.4527057362e+00 -3.6154103200e+00
35 36 40
12 6 248 -547.0600 -699.6700 9 629 20.6899 -241.0400 29 462 386.9100 -518.7900 7 677 71.2300 -146.5300 43 366 191.8900 -355.4500 12 1611 156.5900 73.6000 55 1763 283.5000 733.1000 57 1761 69.4600 159.3200 44 547 -928.9500 -280.5100 56 1931 264.3400 431.1899 4 427 -453.9400 775.6600 11 1755 897.5900 375.8000
-9.7137722155e-01 -1.4361878194e+00 -3.6447489495e+00
106 120 124
12 6 254 -458.8400 -682.5000 9 631 65.1400 -239.1300 29 318 419.9600 -463.1000 7 530 124.9399 -126.7900 43 372 225.5601 -296.9500 55 1770 311.4800 749.3500 57 1431 100.3199 148.5100 61 757 661.6100 516.0300 56 1932 294.9100 433.7000 4 423 -399.5400 765.1400 58 1451 -279.6400 251.4600 59 1357 39.4399 69.3300
-9.1801221765e-01 -1.4234746072e+00 -3.6568336140e+00
108 126 130
13 6 255 -421.0900 -673.0000 9 827 80.9600 -236.2800 29 475 429.7100 -438.2700 7 531 142.8600 -116.1700 43 375 231.4301 -272.4800 12 2290 187.2100 68.2600 55 1772 322.9000 758.0000 57 1755 112.2400 144.4500 61 1036 666.5500 526.5601 56 1934 310.3199 436.1799 4 630 -379.0200 761.3500 11 2020 951.5200 367.4800 58 1769 -270.4000 245.0601
-1.2019846413e+00 -1.3981790554e+00 -3.6101068010e+00
35 35 41
