# Bundle file v0.3
65 2462
0 0 0
0 0 0
0 0 0
0 0 0
0 0 0
0 0 0
0 0 0
0 0 0
0 0 0
0 0 0
0 0 0
0 0 0
0 0 0
0 0 0
0 0 0
1.3447423356e+03 -4.6542157965e-02 9.4294322438e-02
9.0645588243e-01 3.5492576547e-01 -2.2883494971e-01
-3.1452572918e-01 9.2900340156e-01 1.9500319376e-01
2.8180010449e-01 -1.0478731265e-01 9.5373388333e-01
-3.2380700372e-01 4.3136805674e+00 1.4939804601e+00
1.2448682105e+03 -6.4357381771e-02 3.5185833312e-02
9.1452122985e-01 3.2203595978e-01 -2.4483414952e-01
-3.5984274651e-01 9.2410626515e-01 -1.2861107456e-01
1.8483538066e-01 2.0571935088e-01 9.6099710235e-01
-6.1581531228e-01 2.4404133956e+00 8.2009974636e-01
3.1394628903e+03 -4.8953120578e-01 -4.1270331525e-01
9.1981158598e-01 3.9228071682e-01 -7.9047779527e-03
-3.9215775440e-01 9.1979738970e-01 1.3603586661e-02
1.2607218854e-02 -9.4128166504e-03 9.9987622080e-01
-2.9036960809e-01 2.6042577981e+00 -6.0763299693e-02
1.6177152353e+03 -2.7594935232e-02 -2.1724281429e-02
9.9506440130e-01 -2.0187580205e-02 -9.7156054179e-02
2.6361317140e-02 9.9768507020e-01 6.2686375388e-02
9.5665658503e-02 -6.4938142151e-02 9.9329306827e-01
-1.9500015251e-01 4.7499960825e-01 9.5597522782e-01
1.6147672437e+03 -5.8933642741e-02 2.3719401574e-02
9.6633988198e-01 -2.5655997651e-01 -1.9084311542e-02
2.5661201743e-01 9.5592015109e-01 1.4271277888e-01
-1.8371309224e-02 -1.4280631359e-01 9.8958013915e-01
8.2885104125e-01 1.7521196124e+00 -7.7424516721e-01
1.6514898839e+03 -7.9745995063e-02 7.9814353778e-02
9.8544084022e-01 9.5701563428e-02 -1.4052601604e-01
-9.4533050323e-02 9.9540897102e-01 1.4982750504e-02
1.4131472968e-01 -1.4802612988e-03 9.8996361347e-01
1.8019833329e+00 -5.0021863108e-01 5.0270672848e-01
1.5917493848e+03 -5.0365377307e-02 2.0250374175e-02
9.8853018098e-01 7.8545025953e-02 -1.2899131825e-01
-5.5412656152e-02 9.8318195061e-01 1.7401922173e-01
1.4049028018e-01 -1.6487550119e-01 9.7625742009e-01
7.9868569833e-01 1.1334026979e+00 -1.8297260127e+00
1.6909680746e+03 -2.7227350449e-02 2.9392560106e-02
8.7141551185e-01 4.4043123469e-01 -2.1599845650e-01
-4.0305036739e-01 8.9383051394e-01 1.9651313875e-01
2.7961653572e-01 -8.4186340140e-02 9.5641374576e-01
4.9843743894e+00 -4.4489753428e-01 -1.0041865010e+00
1.6186203169e+03 -3.2846395137e-02 4.3997170334e-02
9.2689630221e-01 3.1446730139e-01 -2.0487450138e-01
-2.3084733968e-01 9.0807887989e-01 3.4943132895e-01
2.9592693477e-01 -2.7659187307e-01 9.1428889583e-01
4.4536781730e+00 3.8409442693e+00 -3.4315175760e+00
1.6279634673e+03 -8.2738674198e-02 1.8066690869e-01
9.1195838076e-01 3.3758456966e-01 -2.3317068873e-01
-2.7436424726e-01 9.2433807832e-01 2.6518555164e-01
3.0505109667e-01 -1.7786448578e-01 9.3557899352e-01
1.6279538062e+00 2.4207594738e+00 -6.9522286990e+00
0 0 0
0 0 0
0 0 0
0 0 0
0 0 0
0 0 0
0 0 0
0 0 0
0 0 0
0 0 0
0 0 0
0 0 0
0 0 0
0 0 0
0 0 0
0 0 0
0 0 0
0 0 0
0 0 0
0 0 0
0 0 0
0 0 0
0 0 0
0 0 0
0 0 0
0 0 0
0 0 0
0 0 0
0 0 0
0 0 0
0 0 0
0 0 0
0 0 0
0 0 0
0 0 0
0 0 0
0 0 0
0 0 0
0 0 0
0 0 0
0 0 0
0 0 0
0 0 0
0 0 0
0 0 0
0 0 0
0 0 0
0 0 0
0 0 0
0 0 0
0 0 0
0 0 0
0 0 0
0 0 0
0 0 0
0 0 0
0 0 0
0 0 0
0 0 0
0 0 0
1.5852226409e+03 -1.2373602705e-01 8.4372972426e-02
5.2576186060e-01 -8.2935862955e-01 1.8904689768e-01
5.1833890334e-01 4.8858017960e-01 7.0186479423e-01
-6.7446219110e-01 -2.7102337849e-01 6.8676566680e-01
-3.1554400572e-02 3.6697164558e+00 -1.9045727099e+00
0 0 0
0 0 0
0 0 0
0 0 0
0 0 0
0 0 0
0 0 0
0 0 0
0 0 0
0 0 0
0 0 0
0 0 0
0 0 0
0 0 0
0 0 0
1.5615727209e+03 -3.9466612886e-02 1.4873702620e-02
7.1055443310e-01 -6.9329703314e-01 1.2021489693e-01
7.0036556470e-01 7.1331595591e-01 -2.5853874560e-02
-6.7826789589e-02 1.0256495935e-01 9.9241118279e-01
1.1499516748e+00 4.7789364038e-01 1.1236277739e-01
1.6418376032e+03 -1.4646192437e-02 6.5463536631e-03
9.6545175590e-01 -2.5825282732e-01 -3.4761821177e-02
2.5971235154e-01 9.6451868933e-01 4.7467803705e-02
2.1269731687e-02 -5.4855948757e-02 9.9826771129e-01
-2.8499904899e-01 3.3341395526e-01 1.9927361379e+00
7.8986671963e+02 3.5159437767e-02 -1.4325899744e-02
8.6984755807e-01 -4.7587055628e-01 1.3004783501e-01
4.9200309346e-01 8.5609142775e-01 -1.5824166128e-01
-3.6030289370e-02 2.0163005977e-01 9.7879882368e-01
4.5582135192e+00 2.7951745303e+00 1.6277199219e+00
0 0 0
0 0 0
0 0 0
0 0 0
0 0 0
0 0 0
0 0 0
0 0 0
0 0 0
0 0 0
0 0 0
0 0 0
0 0 0
0 0 0
0 0 0
1.5982342516e+03 -4.9904190817e-02 2.1961633862e-02
7.8880712878e-01 -6.1346698265e-01 3.7968075766e-02
5.8735894329e-01 7.7055477113e-01 2.4749710387e-01
-1.8108778346e-01 -1.7292659102e-01 9.6814441526e-01
9.5500935157e-01 1.2479734079e+00 1.3138117632e+00
1.5943162626e+03 5.8024125608e-03 -5.0084239965e-02
9.4511904416e-01 2.7592824976e-01 -1.7496740653e-01
-2.0581321676e-01 9.1870382049e-01 3.3708190404e-01
2.5375364465e-01 -2.8257192219e-01 9.2507415736e-01
-5.3275975538e-01 1.1992008941e+00 1.3332936986e+00
0 0 0
0 0 0
0 0 0
0 0 0
0 0 0
0 0 0
0 0 0
0 0 0
0 0 0
0 0 0
0 0 0
0 0 0
0 0 0
0 0 0
0 0 0
0 0 0
0 0 0
0 0 0
0 0 0
0 0 0
0 0 0
0 0 0
0 0 0
0 0 0
0 0 0
0 0 0
0 0 0
0 0 0
0 0 0
0 0 0
1.6213118139e+03 -3.9008221056e-02 1.7215362147e-03
6.3795362747e-01 -7.5643533339e-01 1.4429399017e-01
7.4872779456e-01 6.5309585302e-01 1.1345702454e-01
-1.8006070878e-01 3.5656600657e-02 9.8300902742e-01
6.0109902401e-01 1.3701323166e+00 -1.1094603397e-01
1.5891947305e+03 2.3549137045e-02 -6.0149329619e-02
5.3200397783e-01 -8.2537764725e-01 1.8900663212e-01
8.3183690142e-01 5.5115012380e-01 6.5428667064e-02
-1.5817438798e-01 1.2241438007e-01 9.7979364284e-01
-2.0950424839e+00 1.2497133191e+00 -2.5324981460e-01
0 0 0
0 0 0
0 0 0
0 0 0
0 0 0
0 0 0
0 0 0
0 0 0
0 0 0
0 0 0
0 0 0
0 0 0
0 0 0
0 0 0
0 0 0
1.8283172136e+03 -4.3188580403e-02 -6.1251664332e-02
9.7157118735e-01 2.1407513431e-01 -1.0110027096e-01
-2.2704551859e-01 9.6352196525e-01 -1.4168893738e-01
6.7080253463e-02 1.6061525258e-01 9.8473497970e-01
5.0523930905e+00 3.6053296939e+00 1.2106790488e+00
0 0 0
0 0 0
0 0 0
0 0 0
0 0 0
0 0 0
0 0 0
0 0 0
0 0 0
0 0 0
0 0 0
0 0 0
0 0 0
0 0 0
0 0 0
0 0 0
0 0 0
0 0 0
0 0 0
0 0 0
0 0 0
0 0 0
0 0 0
0 0 0
0 0 0
1.5625335728e+03 -7.3856224285e-02 -1.3038264844e-01
4.0437308108e-01 -8.9846862471e-01 1.7098696358e-01
7.0327214194e-01 4.2498072134e-01 5.6991199397e-01
-5.8471420855e-01 -1.1020670082e-01 8.0371871785e-01
-1.5351419742e-01 5.5946028658e+00 -3.4979068724e+00
1.6364700462e+03 -1.1264836178e-02 -1.1402018760e-02
8.9914562925e-01 -4.3764791161e-01 -1.2011939069e-03
4.3618023355e-01 8.9634825609e-01 -7.9414152826e-02
3.5832126200e-02 7.0880951375e-02 9.9684098504e-01
1.5583827150e+00 4.4785410007e+00 -3.0056452394e+00
1.6298285147e+03 -1.9460415073e-02 9.5981188399e-03
9.8906675286e-01 -9.6711574948e-03 -1.4715103497e-01
4.5287533293e-02 9.6954837429e-01 2.4067610859e-01
1.4034243018e-01 -2.4470884461e-01 9.5938604517e-01
1.7592135085e+00 4.2505199281e+00 -4.1658936432e+00
1.6418877053e+03 -9.5287638742e-02 1.7133003648e-01
8.1519311919e-01 5.2006925415e-01 -2.5492773349e-01
-3.7006948324e-01 8.0627997544e-01 4.6147717038e-01
4.4554321451e-01 -2.8185203936e-01 8.4973564825e-01
1.0000361187e+00 3.0823284661e+00 -3.9543898437e+00
1.5985926692e+03 1.1402177131e-02 -3.2902442444e-02
6.1213156264e-01 7.4966438158e-01 -2.5159146450e-01
-5.3283718477e-01 6.2612764573e-01 5.6925276089e-01
5.8427689031e-01 -2.1440029441e-01 7.8272155279e-01
-4.7796132395e-01 3.4871760430e+00 -3.5524220403e+00
1.6079802675e+03 1.7581876974e-02 -6.3350380347e-02
-2.7994419607e-01 9.4242923265e-01 -1.8291634300e-01
-5.2728102557e-01 8.2825479774e-03 8.4965058670e-01
8.0225056383e-01 3.3430306736e-01 4.9460640108e-01
5.3642869523e-01 2.9750376225e+00 -4.7303365250e+00
1.3786799540e+03 1.0190264128e-01 -4.2142695752e-02
-3.7395016162e-01 9.1251554701e-01 -1.6576083099e-01
-5.3281786722e-01 -6.5084969243e-02 8.4372333567e-01
7.5912212259e-01 4.0383081017e-01 5.1054312233e-01
-1.0886934105e+00 3.6414554978e+00 -3.1611657405e+00
1.6736732191e+03 -8.4432913820e-02 1.6068182362e-01
7.0971948241e-01 -6.9961172040e-01 8.2714551106e-02
7.0358803011e-01 7.0983479921e-01 -3.3142747567e-02
-3.5526612132e-02 8.1719021723e-02 9.9602201849e-01
2.9398453230e+00 3.7964708363e+00 -3.5550085624e+00
1.5352788512e+03 2.7735673518e-02 -1.1294125397e-02
4.5611675511e-01 -8.4788064729e-01 2.7028857478e-01
7.4887654955e-01 5.2977848500e-01 3.9814403219e-01
-4.8077169139e-01 2.0812611236e-02 8.7659877708e-01
-5.9230005107e-01 5.8831427684e+00 -5.5883489331e+00
0 0 0
0 0 0
0 0 0
0 0 0
0 0 0
1.6180172228e+03 -6.0530659481e-02 1.5321471912e-01
9.4764892139e-01 -3.1526119204e-01 5.0713928777e-02
2.2803273271e-01 7.7933414599e-01 5.8364318012e-01
-2.2352314107e-01 -5.4152439435e-01 8.1042503400e-01
1.0136236478e+00 5.1401654964e+00 -6.9215775189e+00
-9.9510413218e-01 -6.4904833338e-01 -3.8730977085e+00
46 50 49
10 6 118 -433.6800 -242.1200 36 66 -670.1600 -340.2900 9 348 74.8000 -34.2700 29 139 177.1400 -243.4100 7 282 39.9100 115.7600 43 140 -43.5800 -103.8600 56 771 277.9000 545.3600 58 250 -133.8800 320.7800 35 73 310.0900 -588.9200 8 64 612.9301 -523.0699
-9.9585081198e-01 -6.4955009367e-01 -3.8757727314e+00
46 50 49
13 6 117 -433.6800 -242.1200 36 65 -670.1600 -340.2900 9 347 74.8000 -34.2700 29 138 177.1400 -243.4100 7 281 39.9100 115.7600 43 139 -43.5800 -103.8600 12 361 212.5500 161.7900 61 549 526.0500 611.9900 56 770 277.9000 545.3600 11 639 933.4100 481.2400 58 251 -133.8800 320.7800 35 72 310.0900 -588.9200 8 63 612.9301 -523.0699
-4.6349054712e-01 -1.0149827258e+00 -4.1118379337e+00
14 21 31
2 6 295 -122.8600 -422.1000 36 100 -366.8800 -706.5601
3.4230934302e-01 7.4013820437e-01 -4.5538254665e+00
30 35 38
3 6 38 256.8101 422.5000 36 23 420.8600 146.1700 30 31 9.0500 582.1500
-7.8220507890e-01 -1.0860371577e+00 -3.7854692039e+00
35 35 43
9 6 50 -336.3200 -493.7500 36 30 -699.7000 -703.9500 9 257 126.2200 -160.9100 29 90 374.9600 -313.9800 7 185 158.7900 -10.7400 43 110 165.1000 -155.1100 12 354 220.9200 98.3200 61 347 635.3800 580.3300 44 59 -934.0800 -98.4800
5.1809417281e-01 -1.4013018644e-01 -4.6556551241e+00
205 207 194
3 6 56 344.7600 29.0700 36 33 417.3700 -344.9800 30 23 258.9301 67.7500
-8.3954098832e-01 -1.1515177644e+00 -3.7615948208e+00
170 173 178
16 6 115 -369.2400 -539.9500 36 59 -767.1000 -742.9200 9 345 106.8800 -177.2300 29 191 380.3800 -351.7700 7 386 144.8800 -37.3800 43 188 173.0900 -191.9300 12 737 209.5000 91.5600 57 476 155.0200 167.2400 61 346 637.2700 563.3600 44 162 -928.8600 -132.1400 56 763 318.7200 468.8900 11 913 966.0900 397.1100 59 596 79.3600 44.0400 60 699 -268.8500 223.8700 64 1829 69.1801 327.2600 25 303 -103.5600 11.5800
-7.8930805312e-01 -9.4141660776e-01 -3.8402089955e+00
172 176 179
7 6 173 -330.6700 -407.3700 36 61 -640.1100 -591.1200 29 348 325.0900 -268.6100 7 388 138.6600 39.6000 43 267 109.4900 -115.6900 35 97 573.0800 -669.7200 8 109 700.2700 -675.7500
-6.0331416378e-01 -8.2815497994e-01 -4.1217077244e+00
11 17 23
2 6 179 -194.6300 -323.2700 36 109 -404.8200 -548.0900
-6.5462693274e-01 -7.4746638004e-01 -4.1331745278e+00
10 15 18
2 6 183 -219.7300 -281.0601 36 113 -412.9800 -485.1300
4.3779732678e-02 3.4060593201e-01 -4.5936782581e+00
15 17 16
3 6 227 128.3400 235.9299 36 139 215.3800 -24.3000 30 76 -107.0700 286.2000
4.4116327785e-02 3.3955790512e-01 -4.5903180381e+00
15 17 16
4 6 228 128.3400 235.9299 36 138 215.3800 -24.3000 30 77 -107.0700 286.2000 9 493 364.8900 165.5100
1.2057865635e-01 5.0522423747e-01 -4.6073059786e+00
188 191 174
5 6 229 161.8000 307.2800 36 235 276.8600 46.4300 30 150 -87.0700 394.1100 12 765 426.1100 232.9600 57 725 516.9100 268.4399
-9.2940978170e-01 -1.1339695830e+00 -3.7483147259e+00
93 106 114
10 6 269 -422.8100 -529.2100 36 101 -823.8600 -705.7300 9 651 80.4301 -170.3200 29 483 350.4500 -374.7400 7 545 109.4200 -39.5600 43 380 143.7500 -218.1300 55 1288 289.9700 797.7200 57 1775 134.8000 178.3100 61 761 621.6700 554.3000 8 159 634.3000 -776.0800
-8.0053792033e-01 -1.1269512541e+00 -3.7775414341e+00
34 38 41
4 6 273 -346.2000 -522.2400 36 166 -726.9100 -730.6100 29 490 382.2000 -332.0800 43 386 173.8600 -171.8800
-8.0027861057e-01 -1.1260350000e+00 -3.7752210169e+00
34 38 41
8 6 274 -346.2000 -522.2400 36 167 -726.9100 -730.6100 9 650 119.3900 -170.2800 29 491 382.2000 -332.0800 7 687 155.2800 -26.0600 43 387 173.8600 -171.8800 57 1766 163.9100 166.5300 44 394 -926.2400 -114.3100
-5.2999252672e-01 -8.4039410786e-01 -4.1697006745e+00
13 19 27
2 6 308 -152.6500 -325.7200 36 179 -352.3000 -571.2500
-5.6449923381e-01 -8.0543736886e-01 -4.1550732679e+00
130 138 152
2 6 310 -171.7000 -309.0800 36 181 -368.2800 -540.9800
-5.8444481346e-01 -8.0792358058e-01 -4.2098997161e+00
130 138 152
3 6 311 -171.7000 -309.0800 36 182 -368.2800 -540.9800 30 102 -374.1500 -597.0900
-6.1677879988e-01 -7.2642542186e-01 -4.1718741587e+00
130 135 139
2 6 316 -196.5300 -267.6200 36 190 -376.7100 -480.1500
-6.5362877894e-01 -6.9460246978e-01 -4.1617353224e+00
12 17 20
2 6 317 -216.1300 -251.8300 36 192 -393.3000 -452.8199
-7.5942868308e-01 -5.4556965623e-01 -4.1667019801e+00
10 12 17
2 6 332 -268.5200 -176.3800 36 207 -418.3500 -342.3900
-7.9184737652e-01 -4.0432215371e-01 -4.2539903632e+00
9 11 10
2 6 340 -273.5800 -105.6900 36 217 -384.2800 -262.4900
6.3345406596e-02 3.9447128756e-01 -4.5788188654e+00
185 189 176
2 6 361 136.3199 260.8301 36 229 232.6200 2.8200
6.0240280654e-02 4.0086742932e-01 -4.6001248044e+00
185 189 176
5 6 362 136.3199 260.8301 36 230 232.6200 2.8200 30 175 -108.0900 324.1799 9 696 368.7700 179.3600 12 1205 414.0800 221.6300
1.0860572000e-01 4.5165541225e-01 -4.6239123575e+00
104 112 109
5 6 364 155.4301 281.4700 36 144 264.5601 18.4200 30 147 -84.8100 358.1700 9 494 381.3600 189.2900 12 760 423.7000 224.9099
1.0815384964e-01 4.5595357201e-01 -4.6390676573e+00
104 112 109
6 6 365 155.4301 281.4700 36 145 264.5601 18.4200 30 148 -84.8100 358.1700 9 495 381.3600 189.2900 12 761 423.7000 224.9099 57 506 511.2500 257.8301
-5.0208319664e-02 4.4002414847e-01 -4.3379108963e+00
64 67 71
3 6 371 80.2500 306.5000 36 147 169.4600 85.6700 30 149 -205.4700 373.8201
-9.0743063714e-01 -3.5919857513e-01 -4.2095158728e+00
99 102 107
2 6 432 -334.7700 -83.6900 36 279 -446.5800 -215.4600
-1.1887817167e+00 -1.0177162742e-01 -4.2369052080e+00
99 100 101
2 6 447 -462.6900 38.0300 36 289 -526.6100 -44.2900
-8.5392023235e-01 -1.0980250594e+00 -3.7761639712e+00
149 152 151
6 6 541 -376.2400 -505.0000 36 257 -752.6000 -694.5200 9 840 103.5900 -161.4900 57 1769 158.1200 174.6000 61 1336 624.4200 569.4000 8 218 669.5800 -759.6400
-1.1847571837e+00 -1.0716295875e+00 -3.7182525262e+00
97 114 116
2 6 542 -572.3200 -494.8600 36 340 -972.9300 -596.4100
-7.3501557177e-01 -6.3147262026e-01 -4.1360557014e+00
147 155 158
2 6 588 -260.0400 -220.9100 36 367 -431.8800 -397.1801
-8.0651065228e-01 -5.9896330513e-01 -4.0991496100e+00
147 151 156
2 6 592 -300.8500 -205.8000 36 376 -474.6900 -361.9200
-8.6745255478e-01 -5.2398402733e-01 -4.1089494629e+00
136 141 134
2 6 598 -329.9800 -167.2200 36 384 -488.3900 -306.6000
-1.2095521807e+00 -3.6511277953e-01 -3.9175340956e+00
129 145 141
2 6 615 -537.7000 -86.9500 36 401 -697.7300 -133.9900
1.2010221525e-01 8.0609742701e-01 -4.5603218839e+00
137 155 158
4 6 646 156.4000 445.3500 36 534 310.9800 195.2300 30 332 -137.8700 582.6700 29 769 46.2800 451.0000
1.2010221525e-01 8.0609742701e-01 -4.5603218839e+00
137 155 158
4 6 647 156.4000 445.3500 36 535 310.9800 195.2300 30 333 -137.8700 582.6700 29 768 46.2800 451.0000
-1.2304658901e+00 -1.1429824933e+00 -3.6904970881e+00
119 130 136
4 6 673 -605.3800 -540.5200 36 451 -1035.8101 -639.3700 29 820 268.9301 -478.6600 8 393 488.7200 -771.8000
-6.9837724305e-01 -1.1347302366e+00 -3.7919418548e+00
108 118 122
13 6 676 -286.6700 -526.5601 36 447 -657.7300 -762.5100 9 1166 148.9200 -176.2100 29 1255 411.7800 -301.5400 7 1085 192.2100 -19.5200 43 650 202.0200 -139.2600 12 3380 231.0800 86.2300 57 2068 185.0400 154.2300 61 2290 653.0400 585.9600 44 850 -895.7700 -82.1600 56 4954 348.4100 469.8600 11 2817 1000.8601 389.4200 35 313 737.7200 -751.0900
-8.4978966020e-01 -1.1307020447e+00 -3.7651326258e+00
111 121 128
6 6 678 -375.8300 -526.1899 36 448 -765.3300 -722.1300 9 1415 104.5000 -171.1300 29 1238 369.3000 -347.5699 43 883 162.7900 -189.0000 8 390 670.6500 -777.4600
-5.5430619033e-01 -1.1428237037e-01 -4.4102320676e+00
19 20 20
2 6 726 -146.7500 33.4800 36 474 -177.3400 -156.0500
1.3391175798e-01 2.6738406051e-01 -4.6260504034e+00
197 200 191
3 6 771 169.0900 201.7000 36 585 254.7100 -75.6900 30 361 -39.5500 253.1300
1.8006063365e-01 3.5414958391e-01 -4.6692319744e+00
30 34 35
4 6 777 188.7300 237.3700 36 497 288.6200 -45.6400 30 324 -23.9600 306.3101 9 1227 396.6400 162.0600
7.4769388449e-02 4.1043001343e-01 -4.5713772172e+00
193 201 189
3 6 781 141.5900 269.1300 36 598 239.8700 10.2800 30 363 -101.1800 336.9000
1.0761034411e-01 7.7245445090e-01 -4.5551770704e+00
142 155 161
3 6 799 151.4000 430.9200 36 531 300.4700 182.4600 30 381 -140.0300 562.1799
3.1768587176e-01 8.0616322029e-01 -4.6030357035e+00
134 145 147
2 6 801 244.8700 443.0500 36 635 412.7000 167.5200
2.7507029990e-01 8.6708680649e-01 -4.6172291527e+00
98 115 121
2 6 803 224.6801 466.1600 36 532 396.5500 196.0400
-9.9293389947e-01 -1.1456376743e+00 -3.7332648002e+00
108 121 130
7 6 828 -462.5800 -538.0800 36 559 -873.7800 -699.8500 29 1208 336.3900 -400.0699 7 1497 87.0900 -49.0400 43 614 131.3199 -242.4900 61 2275 614.9301 543.8400 8 388 603.6200 -780.5400
-5.5132924184e-01 -9.4231911977e-02 -4.3799578523e+00
146 146 118
3 6 873 -147.0400 43.8900 36 579 -177.4600 -142.5000 30 421 -441.2500 -73.8300
4.1575297017e-02 2.2271428749e-01 -4.5822708840e+00
185 188 161
3 6 888 128.5400 185.1800 36 720 199.0800 -80.4700 30 359 -90.1400 215.6699
1.0491235397e-01 4.3437253438e-01 -4.6464208371e+00
105 114 112
2 6 910 154.8400 272.5300 36 595 259.9000 5.3500
2.4940980539e-01 8.5496179479e-01 -4.6081060245e+00
65 69 72
2 6 924 214.0699 462.1300 36 642 381.8000 194.7300
-5.0821668319e-01 1.0609860545e+00 -4.1371777059e+00
15 22 35
2 6 944 -156.6300 621.4299 36 669 0.9000 481.6200
-7.3443821143e-01 -9.2989913686e-01 -3.8279454794e+00
95 113 121
2 6 980 -302.2600 -402.8199 36 681 -607.0000 -592.2500
1.3530414843e-01 2.9090607391e-01 -4.6342921087e+00
112 124 131
2 6 1066 169.9600 211.6800 36 722 258.2500 -65.6500
1.6784291907e-01 3.2412986790e-01 -4.6724102536e+00
23 29 40
2 6 1068 184.2200 223.8900 36 724 279.1300 -59.4200
4.0978343739e-03 3.5873985783e-01 -4.5733958176e+00
189 192 178
3 6 1071 109.9600 244.4299 36 729 196.6300 -7.5000 30 491 -135.6000 293.8201
1.4658792475e-01 8.2113249548e-01 -4.5713038832e+00
27 35 47
3 6 1089 168.6200 450.1899 36 1094 325.8300 197.2700 29 2849 48.3500 460.1200
1.4650611312e-01 8.1923334641e-01 -4.5677273640e+00
27 35 47
2 6 1090 168.6200 450.1899 36 1095 325.8300 197.2700
1.7034342909e-01 8.5575838583e-01 -4.5918281534e+00
146 159 170
3 6 1091 178.2800 463.0200 36 878 342.1000 206.5700 30 448 -112.8300 612.2800
1.7034040248e-01 8.5582485084e-01 -4.5916606854e+00
146 159 170
3 6 1092 178.2800 463.0200 36 879 342.1000 206.5700 30 504 -112.8800 612.4500
-8.6680475148e-01 -1.1758352838e+00 -3.7525599890e+00
158 158 160
2 6 1132 -387.5100 -554.2600 36 780 -795.4500 -754.4200
-7.5824422541e-01 -9.2916519747e-01 -3.8328766568e+00
114 132 138
2 6 1160 -314.5600 -401.9900 36 792 -619.7700 -586.2400
6.5713056174e-01 -6.3657933520e-01 -4.5911364497e+00
186 187 181
3 6 1209 422.3400 -197.5900 36 914 443.3700 -663.2200 30 543 435.2400 -211.1100
-1.2477299979e+00 -4.1669784667e-01 -3.9014572769e+00
47 53 68
3 6 1232 -558.4900 -116.1500 36 845 -738.5200 -156.0300 29 1741 33.5100 -248.4399
-5.7770032525e-01 -1.3256485723e-01 -4.3955122921e+00
128 132 134
2 6 1725 -158.2800 26.1900 36 1307 -195.4000 -161.3500
-5.7416810960e-01 -1.3218572115e-01 -4.3880383598e+00
128 132 134
4 6 1726 -158.2800 26.1900 36 1308 -195.4000 -161.3500 30 547 -446.8000 -101.7700 29 4488 114.2600 34.0500
1.8066555889e-01 3.3269642880e-01 -4.6719402011e+00
152 173 159
3 6 1785 188.6500 227.8301 36 1042 286.9301 -56.3900 30 560 -20.0601 292.9800
2.0895456024e-01 5.5811950868e-01 -4.5147268895e+00
126 138 132
2 6 1798 200.3400 343.4299 36 1074 329.4800 79.7100
2.0895456024e-01 5.5811950868e-01 -4.5147268895e+00
126 138 132
2 6 1799 200.3400 343.4299 36 1075 329.4800 79.7100
1.8269114559e-01 8.6511807461e-01 -4.5995945582e+00
49 59 65
2 6 1839 183.8600 465.8800 36 1416 349.3000 207.4900
1.8269114559e-01 8.6511807461e-01 -4.5995945582e+00
49 59 65
2 6 1840 183.8600 465.8800 36 1417 349.3000 207.4900
6.6549281809e-01 -1.9345271740e-01 -4.2788858889e+00
66 70 71
4 6 55 443.7600 16.1700 36 32 525.4399 -371.1400 30 26 404.9700 84.7800 9 172 537.0200 45.0600
2.3125239562e-02 1.2563910816e-01 -4.4375140566e+00
192 194 180
2 6 58 120.0900 151.1900 30 36 -94.6500 167.7500
-6.0019488544e-02 -9.3124943844e-02 -3.9621707490e+00
255 255 255
4 6 87 66.8900 72.2900 36 72 53.6400 -140.9900 30 66 -146.4500 31.8200 9 260 343.6300 100.0100
-1.5999840146e-01 9.4622968542e-02 -4.0368735190e+00
252 252 250
5 6 89 16.5400 166.2100 36 48 31.3101 -29.1400 30 35 -258.4800 152.7700 9 262 319.2800 147.2000 7 196 244.8300 414.2400
1.2486717832e-01 3.7133043793e-01 -4.6649934574e+00
175 181 174
3 6 91 164.0500 244.6599 30 50 -60.2000 307.0200 9 263 384.1400 167.0400
1.1928702464e-01 5.5384918856e-01 -4.4576800419e+00
12 14 13
2 6 92 160.6500 347.3900 30 41 -104.8400 452.9700
-3.3003818626e-01 1.1885134251e-01 -4.0523340018e+00
219 223 217
3 6 219 -67.2600 172.8300 36 141 -64.1300 5.8600 30 71 -393.2400 134.4600
-3.2233423053e-01 1.1250764040e-01 -4.0206465982e+00
219 223 217
5 6 220 -67.2600 172.8300 36 142 -64.1300 5.8600 30 72 -393.2400 134.4600 9 354 274.7700 154.5700 7 405 191.4399 408.2400
-2.4180650931e-01 5.0136351304e-01 -4.0547561616e+00
68 80 96
3 6 230 -27.5900 369.4200 36 242 53.3900 210.0800 30 78 -397.4400 439.6300
9.8105435619e-01 -8.7749685668e-01 -4.6130778322e+00
15 19 30
2 6 312 577.3000 -307.5699 30 137 675.5400 -307.0000
9.8391678508e-01 -8.7881493501e-01 -4.6212521223e+00
15 19 30
3 6 313 577.3000 -307.5699 30 138 675.5400 -307.0000 4 340 383.0400 630.6899
-4.2551749440e-01 6.7353267163e-01 -3.8400529937e+00
52 58 54
2 6 373 -143.1000 489.2300 36 311 -47.6200 387.9900
-1.7184262258e-01 1.7749520934e-01 -3.9759105907e+00
237 238 233
2 6 469 7.9200 211.8000 36 234 33.4399 38.4200
8.3089464526e-01 -1.0030064389e+00 -4.5023631969e+00
61 66 86
3 6 559 519.5900 -375.2100 30 248 628.9301 -425.9100 4 614 317.6899 616.5601
8.2888375433e-01 -1.0011855921e+00 -4.4949147327e+00
61 66 86
2 6 560 519.5900 -375.2100 30 249 628.9301 -425.9100
-1.9294056767e-01 1.5732722715e-01 -4.0359714211e+00
86 95 106
4 6 768 1.4301 194.7800 36 516 22.4500 15.6100 9 1228 310.6100 162.8100 7 1141 227.3000 428.6600
-1.5794679729e-01 1.5631885989e-01 -4.0105389764e+00
86 102 128
5 6 769 18.6899 199.4300 36 514 42.2900 14.9200 30 321 -275.9200 205.7300 7 1143 238.0601 435.4900 43 2154 -75.4900 359.5500
-1.2711401354e-01 1.8362019057e-01 -4.0344753632e+00
121 160 203
2 6 772 35.2600 211.6200 30 322 -252.4000 228.9700
7.1124532483e-01 -2.3792255158e-01 -4.1911908100e+00
206 210 195
2 6 861 474.3900 -6.4500 36 692 562.9800 -399.6801
5.7173082495e-02 -1.8974840079e-01 -3.9662109777e+00
163 188 216
3 6 868 137.5000 21.5200 30 352 -36.1100 -19.8500 7 2488 346.0300 350.6500
-4.1029893914e-01 1.1295187669e-01 -3.9711781717e+00
113 120 114
2 6 887 -116.9000 175.5700 30 357 -472.3500 121.0200
2.0575017172e-02 2.1941069056e-01 -4.5358792740e+00
96 107 115
2 6 890 119.0699 186.5700 30 360 -105.8800 215.6200
-1.3648902420e-01 1.5147093344e-01 -4.0721058290e+00
179 205 232
3 6 891 33.3600 190.7600 36 508 59.4200 -4.1400 30 358 -248.9400 197.2400
-2.8702287616e-01 6.6900737826e-01 -3.8399361967e+00
72 69 76
3 6 928 -64.6500 491.9100 36 765 35.0601 369.7900 30 384 -525.3300 628.0400
-2.9277790742e-01 6.6773422308e-01 -3.8015584004e+00
70 72 67
2 6 932 -71.9800 500.0200 30 389 -539.5600 638.8600
8.2282834683e-01 -9.8256848849e-01 -4.5069505706e+00
233 232 231
2 6 985 515.6899 -364.9700 30 410 618.3400 -413.3700
6.4470684551e-01 -8.5045600322e-01 -4.5106933304e+00
215 218 207
2 6 989 426.0500 -302.8800 30 414 478.0500 -356.5500
-4.1748099246e-01 6.2814713798e-02 -3.9907370680e+00
81 89 109
3 6 1055 -117.0700 147.3700 36 594 -136.3900 -2.9000 30 427 -464.0600 78.9800
2.0763305824e-02 2.4321645364e-01 -4.6632651466e+00
97 107 120
2 6 1063 119.9100 186.5000 30 488 -101.6000 216.0701
-7.2724690203e-02 3.9692185622e-01 -4.5261669791e+00
174 178 167
2 6 1072 74.4500 264.9299 30 493 -193.3900 310.5100
-1.3306618578e-02 -1.5738895689e-01 -3.9466786406e+00
229 227 211
3 6 1272 98.1700 38.5800 30 486 -101.4800 -8.1200 9 2364 358.5900 83.0000
1.2227168868e-01 4.3193166252e-01 -4.6803429276e+00
180 186 173
2 6 1323 162.2000 268.1799 30 495 -70.2600 340.0800
7.7513671341e-01 -1.0122371769e+00 -4.4835679517e+00
235 231 222
2 6 1478 495.0200 -381.5300 30 535 598.0601 -444.3800
1.2635962597e-01 2.5684403487e-01 -4.6447550756e+00
101 102 106
2 6 1778 165.9500 195.4000 30 558 -41.7400 243.5100
2.1849872409e-01 5.9910376003e-01 -4.5574145422e+00
126 145 144
2 6 1802 203.7000 356.6600 30 641 -44.5200 476.8900
2.7909299082e-01 6.1759001608e-01 -4.5508388463e+00
145 163 165
2 6 1803 230.9399 366.9299 30 643 -10.5400 499.6600
2.7909299082e-01 6.1759001608e-01 -4.5508388463e+00
145 163 165
2 6 1804 230.9399 366.9299 30 644 -10.5400 499.6600
1.5322659544e-01 6.7995361463e-01 -4.5276635967e+00
35 40 66
2 6 1810 173.4900 394.9600 30 647 -99.4300 521.1200
3.9649187050e-01 6.9809430750e-01 -4.6002002556e+00
120 133 119
2 6 1813 281.3400 398.2100 30 654 48.5800 555.7200
-1.5280602253e-02 5.4689166859e-01 -4.0359648540e+00
195 206 210
3 6 1815 89.8500 400.0000 36 881 194.0601 214.4399 30 568 -239.6800 527.9299
2.8324838208e-01 8.8243677681e-01 -4.6378762711e+00
146 157 141
2 6 2766 227.3900 469.6899 30 755 -47.6400 634.7400
-2.5421839438e-01 1.4989881696e-01 -4.0397203556e+00
70 80 80
2 36 49 -15.5400 17.6000 30 37 -342.6000 175.7400
3.6042892201e-02 -5.3429522166e-01 -4.5082539088e+00
180 184 170
2 36 63 84.8000 -487.7100 30 48 29.5800 -255.9301
-4.9765340931e-01 -9.7836987780e-01 -4.2062374144e+00
153 157 160
2 36 103 -355.7200 -671.3500 30 88 -277.1100 -710.5100
-5.4610765421e-01 -8.9334556936e-01 -4.2224202911e+00
152 152 154
2 36 174 -361.3900 -604.1600 30 92 -325.3200 -651.9700
-6.2691028344e-01 -9.2825197529e-01 -4.1319709150e+00
186 188 186
2 36 336 -439.6600 -612.2800 30 193 -395.9100 -719.3800
-6.6254190582e-01 -7.9391826134e-01 -4.1971952785e+00
172 173 168
2 36 348 -411.8600 -516.8500 30 207 -433.0300 -606.7600
3.0207664387e-02 -1.8494656005e-01 -4.1000261393e+00
78 100 126
2 36 465 108.2800 -238.2500 30 351 -51.7900 -25.3800
1.5436870641e-01 6.8065279871e-01 -4.5310876752e+00
49 66 71
2 36 526 314.5000 140.6500 30 331 -98.6400 520.8300
2.7593145005e-01 8.5841063171e-01 -4.5995208068e+00
104 118 114
2 36 533 396.5500 196.0400 30 387 -49.8700 629.8700
-2.4826179137e-01 5.7561777458e-01 -4.1053289132e+00
154 154 152
2 36 653 65.3101 234.5200 30 330 -405.9500 481.0300
-3.7188411963e-01 7.4937843549e-01 -3.9119894368e+00
106 103 89
2 36 658 4.3900 397.2500 30 390 -585.1400 645.3800
-3.4628830974e-01 7.7072730888e-01 -3.9135951797e+00
172 169 156
2 36 659 23.2000 405.7300 30 340 -568.4600 667.1100
-3.4628830974e-01 7.7072730888e-01 -3.9135951797e+00
172 169 156
2 36 660 23.2000 405.7300 30 341 -568.4600 667.1100
-3.7194135077e-01 8.0011011360e-01 -3.9283670235e+00
42 45 40
2 36 663 14.2000 417.4000 30 394 -589.6400 679.1300
-3.3135089673e-01 1.1142893788e+00 -4.3487466723e+00
17 19 23
2 36 664 114.2600 425.3000 30 399 -501.6400 755.7100
1.2264401620e-01 2.4834065956e-01 -4.6121031756e+00
92 93 97
2 36 719 246.2500 -81.6800 30 433 -44.1600 241.3101
1.0999314755e-01 6.6503589870e-01 -4.5243160365e+00
193 206 210
2 36 745 289.3000 139.0400 30 443 -123.9200 505.4100
-3.1556708001e-01 7.5706359380e-01 -3.9199938179e+00
85 85 59
2 36 770 39.2200 393.3600 30 453 -539.2500 661.2500
1.4917792777e-01 8.3788280771e-01 -4.5691680981e+00
113 129 129
2 36 877 329.5800 205.4400 30 502 -124.6300 604.3900
-3.5000391191e-01 7.2858908678e-01 -3.8886279766e+00
175 173 144
2 36 890 10.9399 392.3101 30 510 -570.9300 642.8000
-4.2108308999e-01 5.9379617254e-02 -4.0345180319e+00
215 222 209
2 36 1049 -131.2300 -12.1600 30 551 -454.2300 71.6200
-3.1483130081e-01 7.3599041794e-01 -3.9131586895e+00
67 68 58
2 36 1105 35.4700 384.5800 30 583 -536.5500 647.5000
-3.1483130081e-01 7.3599041794e-01 -3.9131586895e+00
67 68 58
2 36 1106 35.4700 384.5800 30 584 -536.5500 647.5000
-3.7951697861e-01 7.8866370137e-01 -3.9142152579e+00
172 174 169
2 36 1111 6.5000 417.2000 30 511 -598.0600 673.8500
-3.6005911337e-01 8.0276787635e-01 -3.9253724682e+00
167 168 147
2 36 1112 21.1899 418.8000 30 512 -581.7300 685.0000
2.1755124411e-01 3.3260750340e-01 -4.6924826855e+00
152 164 169
2 36 1331 306.5500 -63.7300 30 636 1.3700 296.0200
-4.1288948048e-01 6.3079431919e-02 -4.0417409832e+00
42 51 52
2 36 1345 -124.3400 -12.4800 30 623 -447.0300 75.4600
2.0547537972e-01 3.2358485241e-01 -4.6821456901e+00
134 147 135
2 36 1840 298.9399 -65.3600 30 891 -4.4000 290.5500
-1.1079171263e+00 -1.2070146977e+00 -3.6919563027e+00
32 35 35
8 6 18 -531.9500 -582.5100 9 90 23.2100 -183.4100 29 39 329.7400 -459.7400 7 66 51.3900 -80.4100 43 33 120.6801 -302.3800 12 135 165.7300 97.9100 55 125 258.6801 769.6300 61 92 612.3000 516.6899
-1.3130173698e+00 -1.2579355933e+00 -3.6403908906e+00
33 34 36
5 6 25 -663.9300 -618.0400 9 87 -37.8199 -196.8800 29 50 285.1500 -545.0100 7 65 -19.2100 -117.8700 43 32 87.9301 -392.3800
-5.2084499808e-01 9.6747196512e-01 -4.3142679743e+00
188 191 180
2 6 30 -146.8600 538.8800 9 99 232.0601 349.2200
-8.3071373917e-01 -1.0350088478e+00 -3.8019164826e+00
40 41 43
6 6 33 -359.2900 -466.0000 9 115 113.2600 -144.3300 29 52 344.6700 -312.1300 7 89 134.3700 4.0800 43 54 132.9500 -155.8100 61 119 615.0100 581.0500
-9.7607040230e-01 -1.3710473174e+00 -3.6597553290e+00
134 145 148
6 6 44 -469.1700 -683.4900 9 162 58.2800 -239.5400 29 68 418.3600 -469.3600 7 131 118.0000 -129.4200 43 79 221.9000 -301.3700 58 240 -285.0500 253.6100
-8.5587664053e-01 -1.3487565157e+00 -3.7010422150e+00
126 133 139
7 6 45 -391.0500 -666.8800 9 163 96.6400 -234.9200 29 88 439.7900 -419.8300 7 132 159.7400 -109.1600 43 109 240.0601 -253.5699 55 221 329.8500 761.1700 44 57 -870.3300 -180.9400
-8.5304273735e-01 -1.3476442311e+00 -3.6977440445e+00
126 133 139
12 6 46 -391.0500 -666.8800 9 164 96.6400 -234.9200 29 87 439.7900 -419.8300 7 133 159.7400 -109.1600 43 108 240.0601 -253.5699 12 348 197.5601 67.0700 55 323 331.7000 762.7500 44 58 -870.3300 -180.9400 56 488 321.0500 437.0400 11 620 964.2500 365.4399 58 551 -256.2800 238.0701 64 1469 82.1500 311.7500
-1.1524426121e+00 -1.3512913223e+00 -3.6472794289e+00
121 130 137
13 6 47 -570.8000 -672.3500 9 165 6.5800 -229.3500 29 66 360.9800 -521.1500 7 127 51.2900 -139.4300 43 78 166.0200 -361.9800 12 244 150.8199 80.9500 55 159 269.7800 734.2700 57 192 65.9200 169.5800 61 161 632.5699 489.9299 44 43 -951.9700 -289.5800 56 248 253.4301 436.5200 11 124 885.0800 383.8800 58 247 -298.8000 279.3900
-1.2536887115e+00 -1.3202958842e+00 -3.6278931657e+00
37 37 35
8 6 48 -634.1000 -656.1801 9 166 -23.0800 -216.0699 29 83 323.9000 -547.6899 7 128 10.2700 -136.6700 43 104 128.4600 -390.1400 55 317 244.8800 732.4000 61 220 613.4301 479.5200 58 249 -308.6000 296.1799
-1.2536630962e+00 -1.3194296769e+00 -3.6274629357e+00
37 37 35
9 6 49 -634.1000 -656.1801 9 167 -23.0800 -216.0699 29 84 323.9000 -547.6899 7 129 10.2700 -136.6700 43 77 127.2600 -390.4700 12 247 137.4800 92.0900 55 318 244.8800 732.4000 61 221 613.4301 479.5200 44 56 -993.4200 -317.4500
-2.2520120522e-01 2.9978320165e-01 -4.0322974630e+00
232 233 227
2 6 60 -17.2800 269.2500 9 180 303.7300 201.3000
-2.2520120522e-01 2.9978320165e-01 -4.0322974630e+00
232 233 227
2 6 61 -17.2800 269.2500 9 181 303.7300 201.3000
-1.0692421672e+00 -1.3995349266e+00 -3.6424843102e+00
32 34 33
12 6 73 -525.2500 -705.4000 9 255 30.8300 -246.1400 29 86 401.6500 -509.8000 7 179 87.2900 -147.7300 43 107 206.2000 -345.1500 55 503 291.7800 734.8101 61 339 651.0800 496.4399 44 82 -914.5000 -270.3700 4 105 -442.8900 765.8700 58 241 -301.5300 261.5300 59 602 40.1801 88.1600 60 717 -293.5800 268.2700
-1.0690687201e+00 -1.3999170885e+00 -3.6430872187e+00
32 34 33
14 6 74 -525.2500 -705.4000 9 256 30.8300 -246.1400 29 85 401.6500 -509.8000 7 180 87.2900 -147.7300 43 106 206.2000 -345.1500 12 349 160.9900 69.1300 55 504 291.7800 734.8101 61 338 651.0800 496.4399 44 81 -914.5000 -270.3700 56 485 274.0200 427.2800 4 106 -442.8900 765.8700 58 242 -301.5300 261.5300 59 603 40.1801 88.1600 60 718 -293.5800 268.2700
-6.9749098231e-01 -1.2313044562e+00 -3.7720811460e+00
32 34 33
4 6 80 -288.9600 -584.2300 29 89 442.1500 -331.6700 57 188 173.4200 137.5900 58 237 -209.9100 227.6300
-1.2385292324e+00 -1.1713404542e+00 -3.6822101216e+00
172 173 176
13 6 81 -612.4800 -558.7700 9 346 -12.0500 -174.8600 29 125 276.9500 -490.7400 7 276 2.2400 -80.4100 43 129 75.8600 -337.8600 12 745 148.2600 107.6100 55 513 230.9000 763.4000 57 488 71.2500 200.9700 61 342 585.0601 504.8900 44 143 -1032.6300 -277.5400 56 761 234.0400 465.3700 58 562 -275.8900 306.3900 59 606 94.3199 99.2800
-1.0022867480e+00 -1.1590768458e+00 -3.7338156882e+00
162 167 172
7 6 83 -466.1700 -546.6200 29 127 337.3300 -408.8700 7 278 85.7100 -53.5900 43 132 133.2500 -249.4700 61 222 616.7400 541.2100 58 556 -240.3800 274.7200 59 287 85.1400 65.5500
-1.0041988651e+00 -1.1571763875e+00 -3.7265742754e+00
162 167 172
6 6 84 -466.1700 -546.6200 29 128 337.3300 -408.8700 7 279 85.7100 -53.5900 43 133 133.2500 -249.4700 57 704 118.6000 181.8500 44 153 -975.3500 -193.7900
9.0554944856e-01 -8.5020019955e-01 -4.6181396281e+00
237 237 235
2 6 85 540.2000 -295.3500 30 47 622.6600 -301.6600
1.0382955022e+00 -8.0668995671e-01 -4.6578605694e+00
239 238 234
2 6 86 597.3900 -272.1700 30 33 687.6500 -250.0699
6.1206338339e-01 1.2976414512e-01 -4.7691298504e+00
209 212 202
2 6 88 378.9700 137.6300 30 49 259.7600 233.4000
-1.0100603200e+00 -1.3604570037e+00 -3.6658779771e+00
165 164 170
8 6 107 -488.8700 -676.2200 9 342 50.6801 -235.6801 7 272 104.9600 -127.3500 55 507 300.7400 747.4399 61 343 652.4100 511.0000 44 84 -908.0100 -238.6300 56 759 285.4000 435.3000 4 164 -414.2900 771.7900
-1.0404679057e+00 -1.5098100741e+00 -3.6052569049e+00
32 31 36
13 6 132 -517.5500 -781.5500 9 441 35.3000 -278.1500 29 309 445.9399 -538.5300 7 375 109.2100 -185.6100 43 251 255.5601 -369.4700 12 719 159.7300 56.7700 55 1265 311.9200 715.8199 57 1428 65.8000 136.8100 61 527 677.7600 485.6000 44 268 -872.0400 -285.8000 4 409 -452.9200 726.3900 60 1058 -323.8900 270.3900 25 407 -1.2000 -67.1300
-1.0966218230e+00 -1.3462594554e+00 -3.6503868549e+00
159 159 165
9 6 139 -538.9800 -670.6899 9 450 23.8500 -228.4600 7 381 71.2100 -130.8200 12 1615 159.9200 78.9400 55 1274 281.0200 741.7400 57 1017 76.5000 164.9400 44 276 -938.8700 -267.7100 4 353 -444.3500 789.7900 58 1111 -293.0300 271.9700
-1.0991763374e+00 -1.3465002175e+00 -3.6542847352e+00
159 159 165
16 6 140 -538.9800 -670.6899 9 451 23.8500 -228.4600 29 183 374.0601 -502.5200 7 382 71.2100 -130.8200 43 182 177.7000 -340.6600 12 1616 159.9200 78.9400 55 854 280.3800 741.4200 57 1018 76.5000 164.9400 61 531 638.2100 498.6600 44 277 -938.8700 -267.7100 4 354 -444.3500 789.7900 58 1112 -293.0300 271.9700 59 970 50.4800 89.5300 60 1054 -282.7500 269.1899 62 1242 -174.0900 536.6100 25 215 -88.4300 -60.4600
-1.1745749321e+00 -1.3157685263e+00 -3.6464844211e+00
165 166 170
3 6 145 -584.1800 -652.8199 29 180 343.5601 -517.9500 57 1024 65.1200 176.5600
-1.1745569261e+00 -1.3167401487e+00 -3.6476455803e+00
165 166 170
14 6 146 -584.1800 -652.8199 9 455 1.1899 -217.4500 29 181 343.5601 -517.9500 7 383 39.2500 -127.3100 43 181 147.1700 -358.8500 12 1144 149.3500 86.8500 55 853 261.4399 739.8700 57 1025 65.1200 176.5600 61 754 622.3700 492.7300 44 267 -970.2100 -289.0400 56 1167 248.6400 442.1000 11 1433 881.4100 390.7100 59 1375 60.4000 97.8200 60 1061 -269.3900 275.4299
-1.2786695717e+00 -1.1946611867e+00 -3.6646249422e+00
34 35 39
11 6 154 -637.5200 -575.2100 9 458 -25.9301 -180.0600 29 182 274.8900 -514.0000 7 534 -10.9800 -91.2500 12 1161 140.4500 106.6800 55 858 224.3101 753.5699 61 530 584.4500 493.0500 44 261 -1038.1899 -296.3900 56 1561 225.4301 462.2200 58 1121 -285.7000 308.8101 60 725 -230.3400 284.0500
-7.4449654212e-01 -1.1493182499e+00 -3.7819487384e+00
163 164 169
8 6 160 -314.9900 -535.5699 29 200 404.8600 -319.5200 7 387 175.3800 -28.6000 43 192 195.7800 -158.4000 12 1146 223.2600 87.0400 57 1015 173.3600 157.5100 61 540 649.3900 577.7800 58 753 -199.9100 239.6300
-4.3970312650e-02 -1.5957787898e-01 -3.9726889391e+00
35 38 31
4 6 208 81.8800 35.0000 9 478 349.8600 80.7300 7 402 309.5699 350.4600 12 365 375.2000 188.3300
-4.4141749863e-02 -1.5972195923e-01 -3.9741955465e+00
35 38 31
3 6 209 81.8800 35.0000 9 479 349.8600 80.7300 7 403 309.5699 350.4600
-1.7382811650e+00 -1.4615463599e+00 -3.4926314192e+00
115 125 126
14 6 238 -951.5500 -762.1100 9 821 -176.5900 -246.9200 29 432 233.1200 -772.5000 7 505 -164.8800 -238.4700 43 230 46.5500 -629.2500 12 1632 56.2600 95.9700 55 1732 157.3500 658.8400 57 1461 -64.2400 210.6800 61 1010 570.3600 385.7300 56 1546 125.5601 419.6100 11 1777 741.8101 401.9500 58 1853 -402.7900 346.2900 59 2264 56.3700 175.6100 25 509 -229.3300 -228.4600
-1.1017548523e+00 -1.4635235012e+00 -3.6107942925e+00
151 151 149
10 6 239 -551.6000 -750.3300 9 815 17.8500 -262.9100 29 456 414.5500 -543.5601 7 668 81.1600 -174.8100 43 362 223.0200 -377.7600 55 1753 293.4200 718.3600 61 1029 661.1500 481.2600 44 351 -903.6800 -296.7200 4 419 -466.3700 750.0000 59 1891 25.4399 96.4000
-1.1017548523e+00 -1.4635235012e+00 -3.6107942925e+00
151 151 149
10 6 240 -551.6000 -750.3300 9 816 17.8500 -262.9100 29 457 414.5500 -543.5601 7 669 81.1600 -174.8100 43 363 223.0200 -377.7600 55 1754 293.4200 718.3600 61 1030 661.1500 481.2600 44 352 -903.6800 -296.7200 4 420 -466.3700 750.0000 59 1890 25.4399 96.4000
-1.1481041085e+00 -1.4316863005e+00 -3.6175511756e+00
29 32 41
12 6 244 -576.4000 -727.5601 9 446 4.2800 -254.6200 29 308 390.7100 -548.0300 7 520 60.5900 -166.5800 43 249 197.7900 -384.4000 12 1608 146.9500 70.3900 55 1266 279.7000 719.5500 57 1434 56.7700 157.2300 61 752 647.9301 478.0900 44 258 -925.3300 -306.5200 4 425 -477.3400 766.6801 58 1459 -318.8500 270.8000
-1.1420827720e+00 -1.3929066824e+00 -3.6276872941e+00
163 163 163
12 6 247 -570.9800 -703.5200 9 630 8.4800 -240.7800 29 311 379.4000 -533.3400 7 526 58.6100 -152.0100 43 252 185.0100 -371.1801 12 1613 150.0601 75.4100 55 1272 275.7100 728.6000 57 1437 63.1899 162.1100 61 753 640.6700 484.3201 44 266 -937.1000 -293.6100 56 1554 256.7800 431.4800 4 430 -468.5200 778.4200
-1.1056697723e+00 -1.3879487814e+00 -3.6371603005e+00
35 36 40
12 6 248 -547.0600 -699.6700 9 629 20.6899 -241.0400 29 462 386.9100 -518.7900 7 677 71.2300 -146.5300 43 366 191.8900 -355.4500 12 1611 156.5900 73.6000 55 1763 283.5000 733.1000 57 1761 69.4600 159.3200 44 547 -928.9500 -280.5100 56 1931 264.3400 431.1899 4 427 -453.9400 775.6600 11 1755 897.5900 375.8000
-9.6075608977e-01 -1.3700277963e+00 -3.6689142795e+00
106 120 124
12 6 254 -458.8400 -682.5000 9 631 65.1400 -239.1300 29 318 419.9600 -463.1000 7 530 124.9399 -126.7900 43 372 225.5601 -296.9500 55 1770 311.4800 749.3500 57 1431 100.3199 148.5100 61 757 661.6100 516.0300 56 1932 294.9100 433.7000 4 423 -399.5400 765.1400 58 1451 -279.6400 251.4600 59 1357 39.4399 69.3300
-9.0377215222e-01 -1.3562400970e+00 -3.6819998166e+00
108 126 130
13 6 255 -421.0900 -673.0000 9 827 80.9600 -236.2800 29 475 429.7100 -438.2700 7 531 142.8600 -116.1700 43 375 231.4301 -272.4800 12 2290 187.2100 68.2600 55 1772 322.9000 758.0000 57 1755 112.2400 144.4500 61 1036 666.5500 526.5601 56 1934 310.3199 436.1799 4 630 -379.0200 761.3500 11 2020 951.5200 367.4800 58 1769 -270.4000 245.0601
-1.2075698472e+00 -1.3300584264e+00 -3.6319473788e+00
35 35 41
