# Bundle file v0.3
65 2298
0 0 0
0 0 0
0 0 0
0 0 0
0 0 0
0 0 0
0 0 0
0 0 0
0 0 0
0 0 0
0 0 0
0 0 0
0 0 0
0 0 0
0 0 0
1.5432052128e+03 -4.5652745727e-02 7.3721039424e-02
9.2865003295e-01 3.5709509559e-01 -1.0045998705e-01
-3.2332283867e-01 9.1191892785e-01 2.5271765079e-01
1.8185559735e-01 -2.0220524654e-01 9.6231054238e-01
5.3305820595e-02 4.7397783957e+00 6.0936283877e-02
1.4773725074e+03 -1.6820894573e-01 1.1790544958e-01
9.3630671726e-01 3.3678764289e-01 -9.9517912007e-02
-3.4878074147e-01 9.2487369702e-01 -1.5152768376e-01
4.1008847751e-02 1.7658631930e-01 9.8343049894e-01
-1.5612821805e-01 2.7828974613e+00 -8.4907241637e-01
1.8648044006e+03 -9.9961906046e-02 9.0902550950e-02
9.2833181401e-01 3.6892621819e-01 -4.5754657009e-02
-3.7162855833e-01 9.2414613496e-01 -8.8578416505e-02
9.6050892175e-03 9.9233899297e-02 9.9501777647e-01
-8.2653853684e-01 2.4981812294e+00 7.4967791178e-01
1.6010972082e+03 -2.4683772788e-02 -1.2434487209e-02
9.9983642863e-01 -1.5537002105e-02 9.2583776240e-03
1.4691020836e-02 9.9624429573e-01 8.5331571757e-02
-1.0549402706e-02 -8.5181598937e-02 9.9630959310e-01
5.6856431197e-02 3.5138276711e-01 -8.9171002240e-02
1.6071292317e+03 -6.5155773444e-02 4.9661152614e-02
9.6397890871e-01 -2.5495040217e-01 7.5795487979e-02
2.3677050266e-01 9.5237100034e-01 1.9216973428e-01
-1.2117917575e-01 -1.6730143495e-01 9.7843029247e-01
1.1523253378e+00 1.7773431554e+00 -2.0995238038e+00
1.6842061411e+03 -9.1718187203e-02 1.1666279588e-01
9.9488511803e-01 1.0097877124e-01 2.6248219014e-03
-1.0100952337e-01 9.9472796458e-01 1.7701770494e-02
-8.2348071405e-04 -1.7876360036e-02 9.9983986599e-01
2.5080438432e+00 -7.5148726289e-01 -7.3282250789e-01
1.6100894529e+03 -4.4882539362e-02 2.8533612042e-02
9.9637284922e-01 8.3154864627e-02 -1.8066926093e-02
-7.8160476916e-02 9.7826207238e-01 1.9207877966e-01
3.3646473482e-02 -1.8996996141e-01 9.8121319222e-01
1.2378122438e+00 9.7499525579e-01 -3.3746566622e+00
1.3085098691e+03 -5.7149981744e-02 1.8684347555e-02
8.8055015460e-01 4.4552125892e-01 -1.6168559946e-01
-4.1745139639e-01 8.9058673980e-01 1.8052587221e-01
2.2442316475e-01 -9.1466205409e-02 9.7018976308e-01
5.9495163682e+00 -8.7047244667e-01 -8.3136815357e-01
1.6567343055e+03 -4.3123921224e-02 6.0054152787e-02
9.4389142725e-01 3.1797872561e-01 -8.9210445663e-02
-2.6678728103e-01 8.9336840198e-01 3.6154867588e-01
1.9466258048e-01 -3.1746248346e-01 9.2807545564e-01
5.5218565562e+00 3.9027406732e+00 -5.2333100332e+00
1.6640755750e+03 -7.4766119746e-02 2.0054057890e-01
9.3055986122e-01 3.4503453981e-01 -1.2251330956e-01
-3.0413770629e-01 9.1472542756e-01 2.6604068823e-01
2.0385926590e-01 -2.1030586896e-01 9.5614478045e-01
2.2886895785e+00 2.3416326266e+00 -9.3973906084e+00
0 0 0
0 0 0
0 0 0
0 0 0
0 0 0
0 0 0
0 0 0
0 0 0
0 0 0
0 0 0
0 0 0
0 0 0
0 0 0
0 0 0
0 0 0
0 0 0
0 0 0
0 0 0
0 0 0
0 0 0
0 0 0
0 0 0
0 0 0
0 0 0
0 0 0
0 0 0
0 0 0
0 0 0
0 0 0
0 0 0
0 0 0
0 0 0
0 0 0
0 0 0
0 0 0
0 0 0
0 0 0
0 0 0
0 0 0
0 0 0
0 0 0
0 0 0
0 0 0
0 0 0
0 0 0
0 0 0
0 0 0
0 0 0
0 0 0
0 0 0
0 0 0
0 0 0
0 0 0
0 0 0
0 0 0
0 0 0
0 0 0
0 0 0
0 0 0
0 0 0
0 0 0
0 0 0
0 0 0
0 0 0
0 0 0
0 0 0
0 0 0
0 0 0
0 0 0
0 0 0
0 0 0
0 0 0
0 0 0
0 0 0
0 0 0
0 0 0
0 0 0
0 0 0
0 0 0
0 0 0
1.6310763191e+03 -1.1138941453e-02 2.9477197037e-03
6.9426303114e-01 -6.9181530428e-01 1.9847022032e-01
6.9282518550e-01 7.1708678708e-01 7.6025009910e-02
-1.9491563799e-01 8.4723813389e-02 9.7715391291e-01
1.4250969026e+00 6.4949905975e-01 -1.3602301898e+00
1.6223660380e+03 3.9282601525e-03 -3.6377384711e-02
9.6491554489e-01 -2.5553820551e-01 6.0317632268e-02
2.4939592625e-01 9.6385245109e-01 9.3755663799e-02
-8.2095451788e-02 -7.5423325652e-02 9.9376640049e-01
-1.1160540651e-01 2.4350806358e-01 1.0823121231e+00
0 0 0
0 0 0
0 0 0
0 0 0
0 0 0
0 0 0
0 0 0
0 0 0
0 0 0
0 0 0
0 0 0
0 0 0
0 0 0
0 0 0
0 0 0
0 0 0
0 0 0
0 0 0
0 0 0
0 0 0
1.5831749067e+03 -2.4876820430e-02 6.9865524005e-03
7.8061240689e-01 -6.1479750861e-01 1.1255351449e-01
5.5747030899e-01 7.6629727174e-01 3.1939841251e-01
-2.8261479934e-01 -1.8658112104e-01 9.4091251478e-01
1.2610339041e+00 1.1065396497e+00 2.9498721491e-01
1.5770063101e+03 -3.7919455028e-02 1.9188309078e-02
9.5658599956e-01 2.8316925236e-01 -6.8981156538e-02
-2.4555430789e-01 9.1053942260e-01 3.3259741696e-01
1.5699142434e-01 -3.0121941240e-01 9.4054269349e-01
-2.8461627434e-01 8.1551108573e-01 4.8641303558e-01
0 0 0
0 0 0
0 0 0
0 0 0
0 0 0
0 0 0
0 0 0
0 0 0
0 0 0
0 0 0
0 0 0
0 0 0
0 0 0
0 0 0
0 0 0
0 0 0
0 0 0
0 0 0
0 0 0
0 0 0
0 0 0
0 0 0
0 0 0
0 0 0
0 0 0
0 0 0
0 0 0
0 0 0
0 0 0
0 0 0
1.6099487995e+03 -1.3029302869e-02 -5.2569056702e-02
6.2122576592e-01 -7.5999404876e-01 1.9101725996e-01
7.3256358077e-01 6.4978061331e-01 2.0281951261e-01
-2.7826093489e-01 1.3935580878e-02 9.6040442091e-01
6.8679717729e-01 1.4644800181e+00 -1.3676175484e+00
1.6306709524e+03 -3.7496569461e-03 -4.0991629281e-02
5.0735766667e-01 -8.3303083820e-01 2.2056250970e-01
8.1534559219e-01 5.4690074072e-01 1.9002932695e-01
-2.7892608944e-01 8.3421834164e-02 9.5668230579e-01
-2.4910948715e+00 1.4985728544e+00 -1.6678334959e+00
0 0 0
0 0 0
0 0 0
0 0 0
0 0 0
0 0 0
0 0 0
0 0 0
0 0 0
0 0 0
0 0 0
0 0 0
0 0 0
0 0 0
0 0 0
0 0 0
0 0 0
0 0 0
0 0 0
0 0 0
0 0 0
0 0 0
0 0 0
0 0 0
0 0 0
0 0 0
0 0 0
0 0 0
0 0 0
0 0 0
0 0 0
0 0 0
0 0 0
0 0 0
0 0 0
0 0 0
0 0 0
0 0 0
0 0 0
0 0 0
0 0 0
0 0 0
0 0 0
0 0 0
0 0 0
1.6638186639e+03 4.7819269922e-02 1.1471616957e-01
3.8454830313e-01 -9.0785722534e-01 1.6708638772e-01
6.1716064414e-01 3.8745493475e-01 6.8482947722e-01
-6.8646583447e-01 -1.6023087072e-01 7.0928888767e-01
-3.1133339624e-01 5.7420520458e+00 -5.5158635583e+00
1.7088464453e+03 -1.5892780824e-02 -1.9691362966e-02
8.9432159681e-01 -4.4011202533e-01 8.0562315272e-02
4.4068345456e-01 8.9758883487e-01 1.1505494264e-02
-7.7375541082e-02 2.5212867399e-02 9.9668316779e-01
1.9673556194e+00 5.2970582920e+00 -5.0708550631e+00
1.6461948852e+03 4.9641128330e-03 -4.9579059273e-02
9.9921214146e-01 -6.9818416666e-03 -3.9068532749e-02
1.7797290856e-02 9.5870231755e-01 2.8385405188e-01
3.5473268843e-02 -2.8432572908e-01 9.5807125360e-01
2.3709763446e+00 4.5455160870e+00 -6.0877526793e+00
1.6644792770e+03 -8.9448088732e-02 1.7842374689e-01
8.3504731262e-01 5.2934906103e-01 -1.4995184986e-01
-4.1972798946e-01 7.8914582395e-01 4.4841641741e-01
3.5570268562e-01 -3.1150993583e-01 8.8115671666e-01
1.5590446384e+00 2.8539216694e+00 -5.6541416172e+00
1.6775048546e+03 2.2679181304e-02 -7.3726986937e-02
6.2916380612e-01 7.6088596154e-01 -1.5876227072e-01
-5.8546959616e-01 5.9826675149e-01 5.4708522740e-01
5.1125165725e-01 -2.5125574142e-01 8.2188338307e-01
-1.7704811922e-01 3.2015490373e+00 -5.3143643362e+00
1.5849685981e+03 -4.3233607981e-02 -3.4523101176e-02
-2.5481089700e-01 9.5388200143e-01 -1.5868375503e-01
-6.1383368649e-01 -3.2759660725e-02 7.8875535495e-01
7.4718111065e-01 2.9838889384e-01 5.9387242395e-01
8.1791210435e-01 2.2521642886e+00 -5.8090784595e+00
1.5814740800e+03 8.7871422938e-03 -8.6695508099e-02
-3.5178882123e-01 9.2463454675e-01 -1.4593005246e-01
-5.7847851793e-01 -9.2176904201e-02 8.1047271553e-01
7.3593969151e-01 3.6953264170e-01 5.6730802671e-01
-9.9456979287e-01 3.1276050889e+00 -4.8940142886e+00
1.8098912033e+03 1.1136610967e-02 -4.7412975025e-02
6.9389403552e-01 -7.0926394736e-01 1.2432103786e-01
6.9981738828e-01 7.0491015753e-01 1.1557375513e-01
-1.6960746015e-01 6.8060846750e-03 9.8548819712e-01
3.3663931998e+00 4.5903772072e+00 -6.1489661759e+00
1.6229822083e+03 1.0718835994e-01 4.0371677813e-02
4.2551819717e-01 -8.7364626982e-01 2.3595859618e-01
7.0006943463e-01 4.8301962864e-01 5.2592283184e-01
-5.7344315375e-01 -5.8602334230e-02 8.1714669175e-01
-1.0604225644e+00 6.3505868039e+00 -8.1568112393e+00
0 0 0
0 0 0
0 0 0
0 0 0
0 0 0
1.6122606283e+03 1.9839941094e-02 -2.8908622622e-02
9.3723773533e-01 -3.1966584290e-01 1.3928092602e-01
1.6347351903e-01 7.5564298032e-01 6.3425554383e-01
-3.0799648707e-01 -5.7167948641e-01 7.6047401584e-01
1.2690218802e+00 5.1774085479e+00 -9.0362678337e+00
6.5560932680e-01 1.0563836739e+00 -3.9148886813e+00
30 35 38
3 6 38 256.8101 422.5000 36 23 420.8600 146.1700 30 31 9.0500 582.1500
1.0002876674e+00 -2.1744016805e-02 -3.5953582015e+00
66 70 71
4 6 54 443.7600 16.1700 36 31 525.4399 -371.1400 30 25 404.9700 84.7800 9 171 537.0200 45.0600
1.0002876674e+00 -2.1744016805e-02 -3.5953582015e+00
66 70 71
4 6 55 443.7600 16.1700 36 32 525.4399 -371.1400 30 26 404.9700 84.7800 9 172 537.0200 45.0600
8.7786754146e-01 4.8410279822e-02 -4.0468696475e+00
205 207 194
3 6 56 344.7600 29.0700 36 33 417.3700 -344.9800 30 23 258.9301 67.7500
-9.7704938053e-01 -1.1552139540e+00 -3.1974434805e+00
162 167 172
8 6 83 -466.1700 -546.6200 36 45 -884.1700 -710.3000 7 278 85.7100 -53.5900 29 127 337.3300 -408.8700 43 132 133.2500 -249.4700 44 152 -975.3500 -193.7900 57 703 118.6000 181.8500 58 556 -240.3800 274.7200
2.0539009516e-02 3.0519364165e-01 -3.4256705836e+00
252 252 250
4 6 89 16.5400 166.2100 36 48 31.3101 -29.1400 30 35 -258.4800 152.7700 9 262 319.2800 147.2000
-3.7213157301e-01 1.6384394739e+00 -3.5325621199e+00
39 44 53
3 6 98 -159.9600 712.3101 36 57 31.9600 567.4900 12 262 369.8500 376.9399
-9.5239834447e-01 -5.6364871619e-01 -3.3370285852e+00
46 50 49
9 6 117 -433.6800 -242.1200 36 65 -670.1600 -340.2900 9 347 74.8000 -34.2700 7 281 39.9100 115.7600 29 138 177.1400 -243.4100 43 139 -43.5800 -103.8600 61 549 526.0500 611.9900 35 72 310.0900 -588.9200 8 63 612.9301 -523.0699
-9.5239834447e-01 -5.6364871619e-01 -3.3370285852e+00
46 50 49
9 6 118 -433.6800 -242.1200 36 66 -670.1600 -340.2900 9 348 74.8000 -34.2700 7 282 39.9100 115.7600 29 139 177.1400 -243.4100 43 140 -43.5800 -103.8600 61 550 526.0500 611.9900 35 73 310.0900 -588.9200 8 64 612.9301 -523.0699
-1.7086232123e-01 3.2847529561e-01 -3.4423775652e+00
219 223 217
3 6 219 -67.2600 172.8300 36 141 -64.1300 5.8600 30 71 -393.2400 134.4600
-1.6603010544e-01 3.2084132336e-01 -3.4073147061e+00
219 223 217
5 6 220 -67.2600 172.8300 36 142 -64.1300 5.8600 30 72 -393.2400 134.4600 9 354 274.7700 154.5700 7 405 191.4399 408.2400
3.2044681012e-01 5.9448158260e-01 -3.9970311076e+00
15 17 16
4 6 227 128.3400 235.9299 36 139 215.3800 -24.3000 30 76 -107.0700 286.2000 9 492 364.8900 165.5100
3.2044681012e-01 5.9448158260e-01 -3.9970311076e+00
15 17 16
4 6 228 128.3400 235.9299 36 138 215.3800 -24.3000 30 77 -107.0700 286.2000 9 493 364.8900 165.5100
4.0788244771e-01 7.7901840606e-01 -3.9833942832e+00
188 191 174
3 6 229 161.8000 307.2800 36 235 276.8600 46.4300 30 150 -87.0700 394.1100
-7.2291854610e-02 7.7083478775e-01 -3.4304705166e+00
68 80 96
4 6 230 -27.5900 369.4200 36 242 53.3900 210.0800 30 78 -397.4400 439.6300 9 499 300.6700 252.4199
-8.8962098684e-01 -1.1252028591e+00 -3.2053335258e+00
93 106 114
7 6 269 -422.8100 -529.2100 36 101 -823.8600 -705.7300 9 651 80.4301 -170.3200 7 545 109.4200 -39.5600 29 483 350.4500 -374.7400 43 380 143.7500 -218.1300 8 159 634.3000 -776.0800
-6.0288537275e-01 -4.6879698638e-01 -3.6610742745e+00
131 135 143
2 6 329 -248.3100 -190.0800 36 202 -399.7900 -366.9301
-6.6960660215e-01 -3.8421119032e-01 -3.6787927894e+00
123 127 129
2 6 336 -275.9900 -153.3000 36 210 -413.4400 -314.3600
-3.2225594542e-03 4.0301943419e-01 -3.3687335080e+00
235 236 230
4 6 354 7.3300 213.3600 36 234 33.4399 38.4200 30 172 -296.2000 221.4199 7 706 230.1899 441.6899
3.4091644931e-01 6.5650327652e-01 -3.9794961161e+00
185 189 176
2 6 361 136.3199 260.8301 36 229 232.6200 2.8200
3.3932264827e-01 6.6365954714e-01 -3.9993347575e+00
185 189 176
4 6 362 136.3199 260.8301 36 230 232.6200 2.8200 30 175 -108.0900 324.1799 9 696 368.7700 179.3600
3.9729224691e-01 7.2323213014e-01 -4.0213763712e+00
104 112 109
5 6 364 155.4301 281.4700 36 144 264.5601 18.4200 30 147 -84.8100 358.1700 9 494 381.3600 189.2900 12 760 423.7000 224.9099
3.9769160404e-01 7.2515711700e-01 -4.0278016157e+00
104 112 109
6 6 365 155.4301 281.4700 36 145 264.5601 18.4200 30 148 -84.8100 358.1700 9 495 381.3600 189.2900 12 761 423.7000 224.9099 57 506 511.2500 257.8301
1.8171797307e-01 7.0336385139e-01 -3.7196624682e+00
64 67 71
3 6 371 80.2500 306.5000 36 147 169.4600 85.6700 30 149 -205.4700 373.8201
-1.4773197755e+00 2.3198602003e+00 -4.5198727763e+00
113 112 118
2 6 380 -497.0100 750.1899 36 314 -244.3900 596.0800
-1.4773197755e+00 2.3198602003e+00 -4.5198727763e+00
113 112 118
2 6 381 -497.0100 750.1899 36 315 -244.3900 596.0800
-7.3276267878e-01 -9.3245178432e-01 -3.2426020179e+00
38 42 48
2 6 421 -341.3400 -426.4800 36 176 -667.8700 -607.0400
-8.1166860450e-01 -2.2164811860e-01 -3.7029008311e+00
99 102 107
2 6 430 -334.7700 -83.6900 36 277 -446.5800 -215.4600
-1.1846243449e+00 -1.0535242614e+00 -3.1965832903e+00
97 114 116
2 6 542 -572.3200 -494.8600 36 340 -972.9300 -596.4100
-6.2206928431e-01 -5.3663711213e-01 -3.6075629649e+00
147 155 158
2 6 588 -260.0400 -220.9100 36 367 -431.8800 -397.1801
-1.2669672157e-01 3.4232007358e-01 -3.4226577550e+00
81 85 91
2 6 629 -47.6500 182.1100 36 510 -41.1300 10.1900
4.0349509787e-01 1.1454462744e+00 -3.9799786463e+00
137 155 158
5 6 646 156.4000 445.3500 36 534 310.9800 195.2300 30 332 -137.8700 582.6700 12 2363 439.8900 272.4700 57 1869 543.8400 315.7100
4.0177957855e-01 1.1268626060e+00 -3.9406863845e+00
137 155 158
6 6 647 156.4000 445.3500 36 535 310.9800 195.2300 30 333 -137.8700 582.6700 29 768 46.2800 451.0000 12 2364 439.8900 272.4700 57 1870 543.8400 315.7100
-1.2436022082e+00 -1.1367310941e+00 -3.1827501052e+00
119 130 136
4 6 673 -605.3800 -540.5200 36 451 -1035.8101 -639.3700 29 820 268.9301 -478.6600 8 393 488.7200 -771.8000
1.5012138224e+00 -5.7983513584e-01 -4.0047125332e+00
212 214 209
3 6 689 602.2300 -214.4200 36 319 685.3300 -766.9600 30 350 677.6300 -172.3000
-3.7570314334e-01 5.9816692346e-02 -3.8404081927e+00
19 20 20
3 6 726 -146.7500 33.4800 36 474 -177.3400 -156.0500 29 1044 117.8500 44.8600
-1.6120245207e-02 3.7208787559e-01 -3.4059289194e+00
86 95 106
5 6 768 1.4301 194.7800 36 516 22.4500 15.6100 30 320 -297.0800 194.2300 9 1228 310.6100 162.8100 7 1141 227.3000 428.6600
1.9971570099e-02 3.7595146910e-01 -3.3860536910e+00
86 102 128
4 6 769 18.6899 199.4300 36 514 42.2900 14.9200 30 321 -275.9200 205.7300 7 1143 238.0601 435.4900
4.2803901585e-01 5.1345816822e-01 -4.0319117174e+00
197 200 191
3 6 771 169.0900 201.7000 36 585 254.7100 -75.6900 30 361 -39.5500 253.1300
5.9529757116e-02 4.1166386434e-01 -3.4280153911e+00
121 160 203
3 6 772 35.2600 211.6200 36 519 70.6100 20.3300 30 322 -252.4000 228.9700
4.8548128748e-01 6.1391431298e-01 -4.0712372983e+00
30 34 35
4 6 777 188.7300 237.3700 36 497 288.6200 -45.6400 30 324 -23.9600 306.3101 9 1227 396.6400 162.0600
3.5286466265e-01 6.7584196483e-01 -3.9716789566e+00
193 201 189
3 6 781 141.5900 269.1300 36 598 239.8700 10.2800 30 363 -101.1800 336.9000
-6.3939319479e-02 8.1857646319e-01 -3.4016977255e+00
144 146 143
6 6 796 -24.8800 397.0300 36 653 65.3101 234.5200 30 330 -405.9500 481.0300 9 878 307.0699 263.1699 43 559 -217.6700 439.5200 35 392 169.9200 316.7300
3.8664141012e-01 1.0913605226e+00 -3.9407299352e+00
142 155 161
3 6 799 151.4000 430.9200 36 531 300.4700 182.4600 30 381 -140.0300 562.1799
4.1495445593e-01 1.1043482245e+00 -3.9450585652e+00
26 33 43
2 6 800 162.1801 434.9000 36 639 314.2700 183.4900
6.3290480497e-01 1.1316234643e+00 -3.9661696963e+00
134 145 147
2 6 801 244.8700 443.0500 36 635 412.7000 167.5200
-9.6407820933e-01 -1.1390439631e+00 -3.1965516049e+00
108 121 130
5 6 828 -462.5800 -538.0800 36 559 -873.7800 -699.8500 61 2275 614.9301 543.8400 59 3380 87.6700 63.9100 8 388 603.6200 -780.5400
2.7427153821e-01 -1.6569301101e-02 -3.4536152734e+00
163 188 216
3 6 868 137.5000 21.5200 36 462 122.6500 -241.8400 30 352 -36.1100 -19.8500
-3.8475300168e-01 9.1016709025e-02 -3.8524315430e+00
146 146 118
3 6 873 -147.0400 43.8900 36 579 -177.4600 -142.5000 30 421 -441.2500 -73.8300
3.1730117322e-01 4.6073422902e-01 -3.9940849094e+00
185 188 161
3 6 888 128.5400 185.1800 36 720 199.0800 -80.4700 30 359 -90.1400 215.6699
5.2841296520e-02 3.6574300625e-01 -3.4354761116e+00
179 205 232
3 6 891 33.3600 190.7600 36 508 59.4200 -4.1400 30 358 -248.9400 197.2400
4.3028793715e-01 5.4264492924e-01 -4.0486821126e+00
114 126 133
2 6 899 168.9800 211.7700 36 722 258.2500 -65.6500
3.9737649783e-01 7.0488124617e-01 -4.0481560762e+00
105 114 112
3 6 910 154.8400 272.5300 36 595 259.9000 5.3500 30 364 -81.3400 345.4900
2.9454649633e-01 1.3086217471e+00 -4.2428433835e+00
80 96 111
3 6 925 105.4600 468.1700 36 752 269.4500 214.2400 12 3466 428.1300 278.8700
2.9454649633e-01 1.3086217471e+00 -4.2428433835e+00
80 96 111
3 6 926 105.4600 468.1700 36 753 269.4500 214.2400 12 3467 428.1300 278.8700
-1.4940077051e-01 9.5379228839e-01 -3.1790464103e+00
72 69 76
3 6 928 -64.6500 491.9100 36 765 35.0601 369.7900 30 384 -525.3300 628.0400
-1.7620666422e-01 9.9080754459e-01 -3.1868720311e+00
202 196 170
3 6 934 -78.5200 506.6899 36 768 26.9100 388.1000 30 391 -549.6600 646.9299
-1.7620666422e-01 9.9080754459e-01 -3.1868720311e+00
202 196 170
3 6 935 -78.5200 506.6899 36 769 26.9100 388.1000 30 392 -549.6600 646.9299
-6.5696742873e-01 -8.8798703905e-01 -3.2621998929e+00
95 113 121
2 6 980 -302.2600 -402.8199 36 681 -607.0000 -592.2500
-2.7830298058e-01 2.6290036618e-01 -3.3868898066e+00
81 89 109
3 6 1055 -117.0700 147.3700 36 594 -136.3900 -2.9000 30 427 -464.0600 78.9800
2.9658003770e-01 4.6678778168e-01 -4.0009141794e+00
97 107 120
3 6 1063 119.9100 186.5000 36 721 189.6000 -76.6600 30 488 -101.6000 216.0701
4.7240106526e-01 5.7530329192e-01 -4.0655112266e+00
23 29 40
3 6 1068 184.2200 223.8900 36 724 279.1300 -59.4200 30 437 -25.1400 285.2900
2.7259789974e-01 6.1657393248e-01 -3.9846760105e+00
189 192 178
3 6 1071 109.9600 244.4299 36 729 196.6300 -7.5000 30 491 -135.6000 293.8201
3.8614765819e-01 9.6856717734e-01 -3.9110032535e+00
184 199 195
3 6 1085 153.6300 388.0200 36 745 289.3000 139.0400 30 443 -123.9200 505.4100
4.3249711822e-01 1.1453391493e+00 -3.9472306308e+00
27 35 47
2 6 1089 168.6200 450.1899 36 1094 325.8300 197.2700
4.3249711822e-01 1.1453391493e+00 -3.9472306308e+00
27 35 47
2 6 1090 168.6200 450.1899 36 1095 325.8300 197.2700
4.6251436724e-01 1.1886700474e+00 -3.9738475045e+00
146 159 170
3 6 1091 178.2800 463.0200 36 878 342.1000 206.5700 30 448 -112.8300 612.2800
4.6248819895e-01 1.1887302853e+00 -3.9736292574e+00
146 159 170
3 6 1092 178.2800 463.0200 36 879 342.1000 206.5700 30 504 -112.8800 612.4500
1.0395501193e+00 -5.2870035307e-01 -3.9926750978e+00
186 187 181
3 6 1209 422.3400 -197.5900 36 914 443.3700 -663.2200 30 543 435.2400 -211.1100
4.9874271204e-01 8.4378058803e-01 -3.8853418416e+00
126 138 132
2 6 1798 200.3400 343.4299 36 1074 329.4800 79.7100
4.9874271204e-01 8.4378058803e-01 -3.8853418416e+00
126 138 132
2 6 1799 200.3400 343.4299 36 1075 329.4800 79.7100
1.8482848565e-01 8.1745182574e-01 -3.3675922276e+00
195 206 210
3 6 1815 89.8500 400.0000 36 881 194.0601 214.4399 30 568 -239.6800 527.9299
2.6961362963e-01 1.2803760443e+00 -4.2286871762e+00
145 166 159
2 6 1835 97.2100 460.0500 36 1096 257.2300 208.6200
2.6961362963e-01 1.2803760443e+00 -4.2286871762e+00
145 166 159
2 6 1836 97.2100 460.0500 36 1097 257.2300 208.6200
4.7759398820e-01 1.1988883231e+00 -3.9774986263e+00
49 59 65
2 6 1839 183.8600 465.8800 36 1416 349.3000 207.4900
2.2954961378e-01 8.7623984857e-03 -3.3924065798e+00
173 188 193
2 6 2637 117.6400 34.3800 36 1010 100.9800 -213.2400
2.7779060951e-01 3.4128802593e-01 -3.8103788280e+00
192 194 180
2 6 58 120.0900 151.1900 30 36 -94.6500 167.7500
1.3333818393e+00 -7.7755294396e-01 -4.0054839347e+00
237 237 235
2 6 85 540.2000 -295.3500 30 47 622.6600 -301.6600
1.4923040329e+00 -7.2559535590e-01 -4.0347481712e+00
239 238 234
2 6 86 597.3900 -272.1700 30 33 687.6500 -250.0699
4.2482307779e-01 6.4311817631e-01 -4.1082878645e+00
175 181 174
2 6 91 164.0500 244.6599 30 50 -60.2000 307.0200
3.8922427721e-01 8.3730062511e-01 -3.8319800482e+00
12 14 13
2 6 92 160.6500 347.3900 30 41 -104.8400 452.9700
-7.8380342807e-01 -1.1458239395e+00 -3.2073869358e+00
170 173 178
9 6 115 -369.2400 -539.9500 36 59 -767.1000 -742.9200 9 345 106.8800 -177.2300 7 386 144.8800 -37.3800 29 191 380.3800 -351.7700 43 188 173.0900 -191.9300 12 737 209.5000 91.5600 44 162 -928.8600 -132.1400 61 346 637.2700 563.3600
-3.6479004138e-01 -9.5685452462e-01 -3.5567769709e+00
13 17 26
2 6 172 -146.8900 -412.3400 36 102 -391.6900 -682.4399
-4.1743054968e-01 -8.5905206954e-01 -3.5669289707e+00
13 18 22
2 6 176 -170.5600 -366.9000 36 106 -398.1000 -613.7000
-5.2988291530e-01 -6.7048235907e-01 -3.5988665055e+00
10 15 18
2 6 183 -219.7300 -281.0601 36 113 -412.9800 -485.1300
-5.9309094894e-01 -5.7975587636e-01 -3.6245322907e+00
13 17 20
2 6 187 -246.3200 -240.4900 36 119 -422.4000 -425.3000
-3.0654682905e-01 2.9218847319e-01 -3.3811659028e+00
224 226 223
2 6 216 -131.3100 160.7200 30 143 -489.3100 93.9300
-4.7367185806e-01 3.6337709235e-01 -3.6221123341e+00
188 187 166
2 6 217 -195.9500 170.3000 30 67 -569.7400 88.3500
-7.3874437126e-01 -1.1164179277e+00 -3.2217148719e+00
34 38 41
4 6 273 -346.2000 -522.2400 36 166 -726.9100 -730.6100 29 490 382.2000 -332.0800 43 386 173.8600 -171.8800
-7.3878381799e-01 -1.1156320961e+00 -3.2197459864e+00
34 38 41
9 6 274 -346.2000 -522.2400 36 167 -726.9100 -730.6100 9 650 119.3900 -170.2800 7 687 155.2800 -26.0600 29 491 382.2000 -332.0800 43 387 173.8600 -171.8800 44 394 -926.2400 -114.3100 57 1766 163.9100 166.5300 11 1773 975.8101 398.6700
-3.5897134184e-01 -8.8347140420e-01 -3.5724313548e+00
13 20 28
2 6 301 -144.0300 -377.1500 36 169 -370.7600 -638.8600
-3.6974548094e-01 -8.2934165899e-01 -3.5971747326e+00
125 135 145
2 6 303 -148.1900 -351.2600 36 174 -361.3900 -604.1600
1.4198644740e+00 -8.0900462096e-01 -3.9897600580e+00
15 19 30
2 6 312 577.3000 -307.5699 30 137 675.5400 -307.0000
1.4198644740e+00 -8.0900462096e-01 -3.9897600580e+00
15 19 30
2 6 313 577.3000 -307.5699 30 138 675.5400 -307.0000
-4.8187337851e-01 -6.4507455469e-01 -3.6383627991e+00
130 135 139
2 6 316 -196.5300 -267.6200 36 190 -376.7100 -480.1500
1.5260128690e+00 -6.1328622567e-01 -3.9931717236e+00
81 85 87
4 6 322 614.8300 -226.8300 30 140 700.3900 -186.8900 9 469 621.4700 -115.0900 7 395 645.1200 204.4500
-7.4233977250e-01 6.4276642988e-01 -3.6882726112e+00
149 148 118
2 6 367 -305.7700 280.0400 30 146 -765.7500 208.9100
1.1728173149e+00 -9.7613231560e-01 -3.8806608808e+00
210 208 195
2 6 557 496.1600 -383.7500 30 275 600.1200 -445.5500
1.2282405420e+00 -9.5548434538e-01 -3.8717484179e+00
61 66 86
2 6 559 519.5900 -375.2100 30 248 628.9301 -425.9100
-6.1866076055e-01 -1.1246686746e+00 -3.2230920358e+00
108 118 122
12 6 676 -286.6700 -526.5601 36 447 -657.7300 -762.5100 9 1166 148.9200 -176.2100 7 1085 192.2100 -19.5200 29 1255 411.7800 -301.5400 43 650 202.0200 -139.2600 12 3380 231.0800 86.2300 44 850 -895.7700 -82.1600 57 2068 185.0400 154.2300 61 2290 653.0400 585.9600 35 313 737.7200 -751.0900 8 325 744.4100 -784.8101
-7.9679264731e-01 -1.1209501520e+00 -3.2140377084e+00
111 121 128
6 6 678 -375.8300 -526.1899 36 448 -765.3300 -722.1300 9 1415 104.5000 -171.1300 29 1238 369.3000 -347.5699 43 883 162.7900 -189.0000 8 390 670.6500 -777.4600
2.0791160263e-01 1.0630805189e-02 -3.3060299025e+00
53 65 88
4 6 728 110.5200 39.7600 30 353 -82.1800 -4.0300 9 1031 366.5800 82.5000 7 1133 326.6000 358.1000
3.8922682282e-01 1.1015284108e+00 -3.9656226094e+00
142 155 161
2 6 798 151.4000 430.9200 30 380 -140.0300 562.1799
-2.7504180779e-01 3.2407718943e-01 -3.3814717238e+00
113 120 114
2 6 887 -116.9000 175.5700 30 357 -472.3500 121.0200
2.8540514838e-01 4.4813877553e-01 -3.9081018272e+00
96 107 115
2 6 890 119.0699 186.5700 30 360 -105.8800 215.6200
-1.6231880105e-01 9.6233347776e-01 -3.1583994700e+00
70 72 67
2 6 932 -71.9800 500.0200 30 389 -539.5600 638.8600
1.0167794984e+00 -7.8062368663e-01 -3.9103796814e+00
215 218 207
2 6 989 426.0500 -302.8800 30 414 478.0500 -356.5500
1.7851790727e-01 6.5533349026e-01 -3.9253161544e+00
174 178 167
2 6 1072 74.4500 264.9299 30 493 -193.3900 310.5100
3.8733253139e-01 9.7311758925e-01 -3.9234156559e+00
184 199 195
2 6 1086 153.6300 388.0200 30 445 -123.9200 505.4100
-1.3035957419e-01 9.5398339318e-01 -3.1657690705e+00
100 104 119
2 6 1095 -55.7600 495.4900 30 509 -512.8400 635.1500
-8.1696147785e-01 -1.1727510505e+00 -3.2026127759e+00
158 158 160
2 6 1132 -387.5100 -554.2600 36 780 -795.4500 -754.4200
-1.2177117159e+00 -3.0014256004e-01 -3.3500340448e+00
47 53 68
2 6 1232 -558.4900 -116.1500 36 845 -738.5200 -156.0300
1.8076285880e-01 9.8232134606e-03 -3.2978504110e+00
229 227 211
3 6 1272 98.1700 38.5800 30 486 -101.4800 -8.1200 9 2364 358.5900 83.0000
4.1739373490e-01 6.9574612488e-01 -4.0617363034e+00
180 186 173
2 6 1323 162.2000 268.1799 30 495 -70.2600 340.0800
7.6559986002e-01 1.1098879447e+00 -4.0075133196e+00
56 60 81
2 6 1339 293.3900 429.7500 30 572 53.9399 600.7800
4.4210230164e-01 1.1981308835e+00 -4.0185088169e+00
115 130 136
2 6 1346 168.3800 459.6300 30 502 -124.6300 604.3900
-4.0606723696e-01 4.6916807825e-02 -3.8475223933e+00
128 132 134
4 6 1726 -158.2800 26.1900 30 547 -446.8000 -101.7700 29 4488 114.2600 34.0500 43 3301 -109.0900 134.1700
4.9227096677e-01 6.0053750980e-01 -4.1188061455e+00
152 173 159
2 6 1785 188.6500 227.8301 30 560 -20.0601 292.9800
5.1497709367e-01 8.9370992143e-01 -3.9371998397e+00
126 145 144
2 6 1802 203.7000 356.6600 30 641 -44.5200 476.8900
5.8419056912e-01 9.1671236124e-01 -3.9269609402e+00
145 163 165
2 6 1803 230.9399 366.9299 30 643 -10.5400 499.6600
5.8419056912e-01 9.1671236124e-01 -3.9269609402e+00
145 163 165
2 6 1804 230.9399 366.9299 30 644 -10.5400 499.6600
6.9556016890e-01 1.0076916301e+00 -3.9717740927e+00
115 137 126
2 6 1812 270.2600 396.1400 30 748 33.6801 549.7300
7.2622787844e-01 1.0147112730e+00 -3.9771714470e+00
120 133 119
2 6 1813 281.3400 398.2100 30 654 48.5800 555.7200
5.9253955227e-01 1.2004934010e+00 -3.9988378405e+00
146 165 160
2 6 1838 226.7800 463.8800 30 580 -47.0800 627.9800
-1.9986219559e-01 1.0336924915e+00 -3.1797757083e+00
192 183 166
2 6 1848 -89.5500 528.9299 30 665 -575.7000 674.6799
5.9948320655e-01 1.2276724498e+00 -4.0283756495e+00
146 157 141
2 6 2766 227.3900 469.6899 30 755 -47.6400 634.7400
-8.4576075294e-02 3.6226395544e-01 -3.4102362455e+00
70 80 80
2 36 49 -15.5400 17.6000 30 37 -342.6000 175.7400
3.0699493748e-01 -4.1197578815e-01 -3.9481816371e+00
180 184 170
2 36 63 84.8000 -487.7100 30 48 29.5800 -255.9301
1.3533636977e-01 6.9530502546e-02 -3.2270087503e+00
251 252 247
2 36 72 53.6400 -140.9900 30 66 -146.4500 31.8200
-3.4611396154e-01 -9.4034598473e-01 -3.7030503215e+00
153 157 160
2 36 103 -355.7200 -671.3500 30 88 -277.1100 -710.5100
-3.4611396154e-01 -9.4034598473e-01 -3.7030503215e+00
153 157 160
2 36 104 -355.7200 -671.3500 30 90 -277.1100 -710.5100
-5.0540304138e-01 -8.8385443887e-01 -3.6314843791e+00
186 188 186
2 36 336 -439.6600 -612.2800 30 193 -395.9100 -719.3800
2.4851010928e-01 -1.8952988887e-02 -3.4530076656e+00
78 100 126
2 36 465 108.2800 -238.2500 30 351 -51.7900 -25.3800
5.9197905103e-02 4.1383087352e-01 -3.4339101514e+00
135 165 203
2 36 518 70.6100 20.3300 30 323 -252.4000 228.9700
4.3740707912e-01 9.8456541348e-01 -3.9080670808e+00
49 66 71
2 36 526 314.5000 140.6500 30 331 -98.6400 520.8300
5.8414945701e-01 1.1921856072e+00 -3.9699020474e+00
104 118 114
2 36 533 396.5500 196.0400 30 387 -49.8700 629.8700
-2.2819480550e-01 1.0199420945e+00 -3.2212763964e+00
106 103 89
2 36 658 4.3900 397.2500 30 390 -585.1400 645.3800
-1.9946523463e-01 1.0438949466e+00 -3.2192462746e+00
172 169 156
2 36 659 23.2000 405.7300 30 340 -568.4600 667.1100
-1.9946523463e-01 1.0438949466e+00 -3.2192462746e+00
172 169 156
2 36 660 23.2000 405.7300 30 341 -568.4600 667.1100
-1.3625093622e-01 1.4525065202e+00 -3.7105818717e+00
17 19 23
2 36 664 114.2600 425.3000 30 399 -501.6400 755.7100
4.1371011886e-01 4.9323138362e-01 -4.0248037284e+00
92 93 97
2 36 719 246.2500 -81.6800 30 433 -44.1600 241.3101
-1.6472673728e-01 1.0302516556e+00 -3.2257680134e+00
85 85 59
2 36 770 39.2200 393.3600 30 453 -539.2500 661.2500
-2.0639392777e-01 9.9625474785e-01 -3.1936640335e+00
175 173 144
2 36 890 10.9399 392.3101 30 510 -570.9300 642.8000
-2.7541489073e-01 2.5870647536e-01 -3.4299725533e+00
215 222 209
2 36 1049 -131.2300 -12.1600 30 551 -454.2300 71.6200
-1.6472252892e-01 1.0068475193e+00 -3.2194824375e+00
67 68 58
2 36 1105 35.4700 384.5800 30 583 -536.5500 647.5000
-1.6472252892e-01 1.0068475193e+00 -3.2194824375e+00
67 68 58
2 36 1106 35.4700 384.5800 30 584 -536.5500 647.5000
-2.3620321195e-01 1.0626721364e+00 -3.2210031951e+00
172 174 169
2 36 1111 6.5000 417.2000 30 511 -598.0600 673.8500
-2.1341035624e-01 1.0793372738e+00 -3.2316174258e+00
167 168 147
2 36 1112 21.1899 418.8000 30 512 -581.7300 685.0000
-2.6523748332e-01 2.6314423010e-01 -3.4370770635e+00
42 51 52
2 36 1345 -124.3400 -12.4800 30 623 -447.0300 75.4600
5.1694385065e-01 5.8230084191e-01 -4.0945993406e+00
134 147 135
2 36 1840 298.9399 -65.3600 30 891 -4.4000 290.5500
-5.3125854395e-02 -6.6725678696e-01 -2.5490341969e+00
166 169 177
2 36 2096 -319.0800 -571.8700 30 668 -168.9500 -756.1700
2.5872643706e+00 2.6218081190e-01 -5.6070283046e+00
35 40 46
2 6 7 717.7900 46.9200 9 13 714.8199 -7.2900
-1.3425371858e+00 -1.2712899420e+00 -3.1367805030e+00
33 34 36
5 6 25 -663.9300 -618.0400 9 87 -37.8199 -196.8800 7 65 -19.2100 -117.8700 29 50 285.1500 -545.0100 43 32 87.9301 -392.3800
-2.0851907681e-01 4.7299854125e-01 -3.4385486827e+00
46 47 42
2 6 27 -85.6400 236.4099 9 96 265.2000 187.3700
-7.7056385278e-01 -1.0089975564e+00 -3.2479098372e+00
40 41 43
6 6 33 -359.2900 -466.0000 9 115 113.2600 -144.3300 7 89 134.3700 4.0800 29 52 344.6700 -312.1300 43 54 132.9500 -155.8100 61 119 615.0100 581.0500
-1.8494720500e-01 9.1735642102e-01 -3.3664698532e+00
52 60 63
2 6 39 -78.6400 442.1300 9 126 278.6400 291.7100
-8.0747801409e-01 -1.3729498589e+00 -3.1481896761e+00
126 133 139
12 6 45 -391.0500 -666.8800 9 163 96.6400 -234.9200 7 132 159.7400 -109.1600 29 88 439.7900 -419.8300 43 109 240.0601 -253.5699 12 347 197.5601 67.0700 55 322 331.7000 762.7500 44 57 -870.3300 -180.9400 56 487 321.0500 437.0400 57 470 129.4800 140.1400 11 619 964.2500 365.4399 58 550 -256.2800 238.0701
-8.0762427244e-01 -1.3735001655e+00 -3.1479558011e+00
126 133 139
12 6 46 -391.0500 -666.8800 9 164 96.6400 -234.9200 7 133 159.7400 -109.1600 29 87 439.7900 -419.8300 43 108 240.0601 -253.5699 12 348 197.5601 67.0700 55 323 331.7000 762.7500 44 58 -870.3300 -180.9400 56 488 321.0500 437.0400 11 620 964.2500 365.4399 58 551 -256.2800 238.0701 64 1469 82.1500 311.7500
-1.1572064037e+00 -1.3789468117e+00 -3.1283290460e+00
121 130 137
14 6 47 -570.8000 -672.3500 9 165 6.5800 -229.3500 7 86 51.6100 -139.3500 29 66 360.9800 -521.1500 43 78 166.0200 -361.9800 12 244 150.8199 80.9500 55 159 269.7800 734.2700 44 43 -951.9700 -289.5800 56 248 253.4301 436.5200 57 192 65.9200 169.5800 61 161 632.5699 489.9299 11 124 885.0800 383.8800 58 247 -298.8000 279.3900 59 228 52.7400 95.5100
-1.2758179464e+00 -1.3435071846e+00 -3.1170483122e+00
37 37 35
8 6 48 -634.1000 -656.1801 9 166 -23.0800 -216.0699 7 128 10.2700 -136.6700 29 83 323.9000 -547.6899 43 104 128.4600 -390.1400 55 317 244.8800 732.4000 61 220 613.4301 479.5200 58 249 -308.6000 296.1799
-1.2764450525e+00 -1.3416349488e+00 -3.1139578622e+00
37 37 35
11 6 49 -634.1000 -656.1801 9 167 -23.0800 -216.0699 7 129 10.2700 -136.6700 29 84 323.9000 -547.6899 43 77 127.2600 -390.4700 12 247 137.4800 92.0900 55 318 244.8800 732.4000 44 56 -993.4200 -317.4500 56 249 229.8400 445.3700 61 221 613.4301 479.5200 11 274 860.7900 400.1300
2.3063335425e-01 -6.5474635060e-02 -3.3358923771e+00
255 255 255
2 6 52 120.6300 2.4900 9 175 369.5400 60.6900
2.3063335425e-01 -6.5474635060e-02 -3.3358923771e+00
255 255 255
2 6 53 120.6300 2.4900 9 176 369.5400 60.6900
-5.5622314768e-02 5.3251148795e-01 -3.3900007490e+00
232 233 227
2 6 60 -17.2800 269.2500 9 180 303.7300 201.3000
-5.5622314768e-02 5.3251148795e-01 -3.3900007490e+00
232 233 227
2 6 61 -17.2800 269.2500 9 181 303.7300 201.3000
-1.6270649652e+00 2.2503740300e+00 -4.6475149038e+00
28 31 36
4 6 71 -534.0100 704.9399 9 135 -20.3600 456.7700 7 149 -314.7600 617.6600 12 211 239.6300 411.7600
-1.0625192020e+00 -1.4347315530e+00 -3.1153766738e+00
32 34 33
13 6 73 -525.2500 -705.4000 9 255 30.8300 -246.1400 7 179 87.2900 -147.7300 29 86 401.6500 -509.8000 43 107 206.2000 -345.1500 55 503 291.7800 734.8101 44 82 -914.5000 -270.3700 61 339 651.0800 496.4399 4 105 -442.8900 765.8700 58 241 -301.5300 261.5300 59 602 40.1801 88.1600 60 717 -293.5800 268.2700 62 1592 -166.6500 537.4500
-1.0619155892e+00 -1.4351984110e+00 -3.1150438160e+00
32 34 33
13 6 74 -525.2500 -705.4000 9 256 30.8300 -246.1400 7 180 87.2900 -147.7300 29 85 401.6500 -509.8000 43 106 206.2000 -345.1500 12 349 160.9900 69.1300 55 504 291.7800 734.8101 44 81 -914.5000 -270.3700 56 485 274.0200 427.2800 61 338 651.0800 496.4399 4 106 -442.8900 765.8700 59 603 40.1801 88.1600 60 718 -293.5800 268.2700
-1.2522114602e+00 -1.1704664668e+00 -3.1698906823e+00
172 173 176
13 6 81 -612.4800 -558.7700 9 346 -12.0500 -174.8600 7 276 2.2400 -80.4100 29 125 276.9500 -490.7400 43 129 75.8600 -337.8600 12 745 148.2600 107.6100 55 513 230.9000 763.4000 44 143 -1032.6300 -277.5400 56 761 234.0400 465.3700 57 488 71.2500 200.9700 61 342 585.0601 504.8900 58 562 -275.8900 306.3900 59 606 94.3199 99.2800
1.1660581568e-01 8.3513938621e-02 -3.3112981686e+00
255 255 255
2 6 87 66.8900 72.2900 9 260 343.6300 100.0100
-9.9129739770e-01 -1.3897489461e+00 -3.1332732387e+00
165 164 170
10 6 106 -488.8700 -676.2200 9 341 50.6801 -235.6801 7 271 104.9600 -127.3500 12 350 173.0800 71.4800 55 506 300.7400 747.4399 44 83 -908.0100 -238.6300 56 758 285.4000 435.3000 57 473 93.0601 151.9600 4 163 -414.2900 771.7900 11 903 922.0100 373.7700
-1.0341728017e+00 -1.5627869317e+00 -3.0753576669e+00
32 31 36
11 6 132 -517.5500 -781.5500 9 441 35.3000 -278.1500 7 375 109.2100 -185.6100 29 309 445.9399 -538.5300 43 251 255.5601 -369.4700 55 1265 311.9200 715.8199 44 268 -872.0400 -285.8000 57 1428 65.8000 136.8100 61 527 677.7600 485.6000 4 409 -452.9200 726.3900 60 1058 -323.8900 270.3900
-1.9695312733e+00 -1.4497149433e+00 -3.0426715382e+00
44 44 52
5 6 136 -1010.8100 -727.2000 9 453 -206.9700 -228.5200 43 165 -6.4100 -655.4900 57 1468 -75.8100 227.3800 61 517 544.9301 376.0100
-1.0929743211e+00 -1.3732823599e+00 -3.1248867570e+00
159 159 165
9 6 139 -538.9800 -670.6899 9 450 23.8500 -228.4600 7 381 71.2100 -130.8200 12 1615 159.9200 78.9400 55 1274 281.0200 741.7400 44 276 -938.8700 -267.7100 57 1017 76.5000 164.9400 4 353 -444.3500 789.7900 58 1111 -293.0300 271.9700
-1.0945007272e+00 -1.3732429782e+00 -3.1271974506e+00
159 159 165
13 6 140 -538.9800 -670.6899 9 451 23.8500 -228.4600 7 382 71.2100 -130.8200 29 183 374.0601 -502.5200 43 182 177.7000 -340.6600 12 1616 159.9200 78.9400 55 854 280.3800 741.4200 44 277 -938.8700 -267.7100 57 1018 76.5000 164.9400 61 531 638.2100 498.6600 58 1112 -293.0300 271.9700 59 970 50.4800 89.5300 60 1054 -282.7500 269.1899
-1.1826014604e+00 -1.3394229929e+00 -3.1300403268e+00
165 166 170
14 6 146 -584.1800 -652.8199 9 455 1.1899 -217.4500 7 383 39.2500 -127.3100 29 181 343.5601 -517.9500 43 181 147.1700 -358.8500 12 1144 149.3500 86.8500 55 853 261.4399 739.8700 44 267 -970.2100 -289.0400 56 1167 248.6400 442.1000 57 1025 65.1200 176.5600 61 754 622.3700 492.7300 11 1433 881.4100 390.7100 59 1375 60.4000 97.8200 60 1061 -269.3900 275.4299
-1.2994103600e+00 -1.1984759388e+00 -3.1590427673e+00
34 35 39
8 6 154 -637.5200 -575.2100 9 458 -25.9301 -180.0600 7 534 -10.9800 -91.2500 29 182 274.8900 -514.0000 12 1161 140.4500 106.6800 55 858 224.3101 753.5699 44 261 -1038.1899 -296.3900 56 1561 225.4301 462.2200
1.4745353556e-01 5.5682199213e-03 -3.3242501729e+00
35 38 31
4 6 208 81.8800 35.0000 9 478 349.8600 80.7300 7 402 309.5699 350.4600 12 365 375.2000 188.3300
1.4771770464e-01 5.6231767744e-03 -3.3269189497e+00
35 38 31
3 6 209 81.8800 35.0000 9 479 349.8600 80.7300 7 403 309.5699 350.4600
-1.8464991166e+00 -1.5111395320e+00 -3.0330778408e+00
115 125 126
11 6 238 -951.5500 -762.1100 9 821 -176.5900 -246.9200 7 505 -164.8800 -238.4700 29 432 233.1200 -772.5000 43 230 46.5500 -629.2500 12 1632 56.2600 95.9700 55 1732 157.3500 658.8400 56 1546 125.5601 419.6100 57 1461 -64.2400 210.6800 11 1777 741.8101 401.9500 58 1853 -402.7900 346.2900
-1.1032234363e+00 -1.5100231464e+00 -3.0856461732e+00
151 151 149
10 6 239 -551.6000 -750.3300 9 618 17.9000 -263.3500 7 668 81.1600 -174.8100 29 456 414.5500 -543.5601 43 362 223.0200 -377.7600 55 1753 293.4200 718.3600 44 351 -903.6800 -296.7200 61 1029 661.1500 481.2600 4 419 -466.3700 750.0000 59 1891 25.4399 96.4000
-1.1032234363e+00 -1.5100231464e+00 -3.0856461732e+00
151 151 149
10 6 240 -551.6000 -750.3300 9 619 17.9000 -263.3500 7 669 81.1600 -174.8100 29 457 414.5500 -543.5601 43 363 223.0200 -377.7600 55 1754 293.4200 718.3600 44 352 -903.6800 -296.7200 61 1030 661.1500 481.2600 4 420 -466.3700 750.0000 59 1890 25.4399 96.4000
-1.5754498773e+00 -1.4868019243e+00 -3.0584055728e+00
39 38 47
4 6 243 -803.5600 -744.9900 9 626 -105.3900 -247.1700 7 513 -75.6000 -206.7300 44 329 -1026.6500 -443.8700
-1.1556800241e+00 -1.4728985659e+00 -3.0984376526e+00
29 32 41
11 6 244 -576.4000 -727.5601 9 446 4.2800 -254.6200 7 520 60.5900 -166.5800 29 308 390.7100 -548.0300 43 249 197.7900 -384.4000 12 1608 146.9500 70.3900 55 1266 279.7000 719.5500 44 258 -925.3300 -306.5200 57 1434 56.7700 157.2300 61 752 647.9301 478.0900 4 425 -477.3400 766.6801
-1.1478201114e+00 -1.4278536106e+00 -3.1065714991e+00
163 163 163
11 6 247 -570.9800 -703.5200 9 630 8.4800 -240.7800 7 526 58.6100 -152.0100 29 311 379.4000 -533.3400 43 252 185.0100 -371.1801 12 1613 150.0601 75.4100 55 1272 275.7100 728.6000 44 266 -937.1000 -293.6100 56 1554 256.7800 431.4800 61 753 640.6700 484.3201 4 430 -468.5200 778.4200
-1.1046606258e+00 -1.4218027055e+00 -3.1125775665e+00
35 36 40
12 6 248 -547.0600 -699.6700 9 629 20.6899 -241.0400 7 677 71.2300 -146.5300 29 462 386.9100 -518.7900 43 366 191.8900 -355.4500 12 1611 156.5900 73.6000 55 1763 283.5000 733.1000 44 547 -928.9500 -280.5100 56 1931 264.3400 431.1899 57 1761 69.4600 159.3200 4 427 -453.9400 775.6600 11 1755 897.5900 375.8000
-9.3445746985e-01 -1.3999903156e+00 -3.1287494552e+00
106 120 124
11 6 254 -458.8400 -682.5000 9 631 65.1400 -239.1300 7 530 124.9399 -126.7900 29 318 419.9600 -463.1000 43 372 225.5601 -296.9500 55 1770 311.4800 749.3500 57 1431 100.3199 148.5100 61 757 661.6100 516.0300 4 423 -399.5400 765.1400 58 1451 -279.6400 251.4600 59 941 39.6700 69.6200
-8.6723684101e-01 -1.3823129663e+00 -3.1394276083e+00
108 126 130
8 6 255 -421.0900 -673.0000 9 827 80.9600 -236.2800 7 531 142.8600 -116.1700 29 475 429.7100 -438.2700 43 375 231.4301 -272.4800 12 2290 187.2100 68.2600 55 1772 322.9000 758.0000 61 1036 666.5500 526.5601
-1.2225289042e+00 -1.3550319857e+00 -3.1168281010e+00
35 35 41
11 6 256 -608.0500 -662.1700 9 834 -9.7200 -220.6400 7 681 28.6500 -135.5300 29 653 341.6801 -534.5000 43 364 144.1899 -375.9100 12 1624 142.8199 87.7700 55 1764 255.2200 734.6899 44 350 -975.9400 -303.9200 57 1773 57.4000 177.9700 61 1032 620.3600 484.8000 11 2057 873.5800 391.7900
-1.2579404626e+00 -1.1139178858e+00 -3.1797944419e+00
94 108 109
15 6 270 -612.7900 -529.4800 9 657 -12.2000 -159.9500 7 539 -4.6801 -63.9600 29 316 260.1300 -476.3700 43 255 57.0800 -325.1600 12 1646 150.3900 114.8600 55 1282 223.8500 772.1700 56 1564 232.6500 473.9800 57 1033 76.7900 209.3600 61 756 575.6400 510.2900 11 1795 869.6200 425.4299 58 1481 -267.3600 310.6200 59 1374 103.2600 97.8900 60 1555 -219.4900 271.5901 8 106 482.4800 -760.4700
-6.7648772776e-01 -1.0868737049e+00 -3.2279562066e+00
34 37 46
9 6 279 -313.1600 -505.8600 9 459 133.4200 -164.1700 7 548 172.0500 -12.4500 29 342 387.8400 -307.2100 43 261 177.8500 -147.4000 44 290 -919.4800 -90.5100 56 1170 337.3400 476.5900 57 1019 179.2100 165.5000 8 160 719.7500 -766.4600
-6.7659771663e-01 -1.0868722701e+00 -3.2280747400e+00
34 37 46
