# Bundle file v0.3
65 2333
0 0 0
0 0 0
0 0 0
0 0 0
0 0 0
0 0 0
0 0 0
0 0 0
0 0 0
0 0 0
0 0 0
0 0 0
0 0 0
0 0 0
0 0 0
1.5554467617e+03 -4.0158083978e-02 5.6228223503e-02
9.2492323403e-01 3.7438777429e-01 -6.5960636863e-02
-3.5195622375e-01 9.0890740707e-01 2.2363841783e-01
1.4367960092e-01 -1.8363311200e-01 9.7243768564e-01
7.1392508418e-01 3.8789349335e+00 8.5621682697e-01
1.4902747911e+03 -1.7180811560e-01 1.2409410168e-01
9.3354851457e-01 3.5187839758e-01 -6.8328356136e-02
-3.5845081045e-01 9.1666022580e-01 -1.7676834253e-01
4.3292525338e-04 1.8951417822e-01 9.8187788896e-01
5.4146624379e-01 2.1768482400e+00 3.6174016170e-01
1.8896157062e+03 -8.6607694779e-02 -3.1694940454e-03
9.2323810764e-01 3.8396043689e-01 -1.4345016462e-02
-3.8297802169e-01 9.1658286380e-01 -1.1490730475e-01
-3.0971462662e-02 1.1158062861e-01 9.9327263720e-01
1.3932282195e-01 2.0195188254e+00 1.4153815019e+00
1.6004759457e+03 -2.3616729943e-02 -1.2670174329e-02
9.9881682950e-01 2.8416052114e-03 4.8547568280e-02
-6.0308459704e-03 9.9782293646e-01 6.5673559110e-02
-4.8255258812e-02 -6.5888638999e-02 9.9665947908e-01
6.0989176109e-01 9.1482090539e-01 7.5245628725e-01
1.6140991822e+03 -6.5587869783e-02 5.4263394029e-02
9.6430337850e-01 -2.3621865638e-01 1.1966511851e-01
2.1225223291e-01 9.5972009011e-01 1.8408242246e-01
-1.5832872082e-01 -1.5211211330e-01 9.7559926258e-01
1.2725134282e+00 2.1086615959e+00 -7.9579743763e-01
1.6970847890e+03 -9.2358814099e-02 1.2732729397e-01
9.9192909064e-01 1.1905512102e-01 4.3618313914e-02
-1.1887914279e-01 9.9288669145e-01 -6.6156891813e-03
-4.4095675065e-02 1.3769867855e-03 9.9902636369e-01
2.3898741348e+00 2.0475582413e-02 3.2361043296e-01
1.6185984919e+03 -4.3967409370e-02 3.1557238856e-02
9.9468419339e-01 1.0081256119e-01 2.0980536768e-02
-1.0291572306e-01 9.8005186715e-01 1.7001968017e-01
-3.4218948224e-03 -1.7127511554e-01 9.8521729858e-01
1.4705948578e+00 1.3815678994e+00 -1.6132340761e+00
1.3079320228e+03 -5.5036503872e-02 1.7588918602e-02
8.7907370978e-01 4.5872880625e-01 -1.2960437916e-01
-4.4045786882e-01 8.8563294980e-01 1.4714327721e-01
1.8228076852e-01 -7.2264517933e-02 9.8058735505e-01
4.7910840588e+00 -1.6172388438e-01 3.2645228132e-01
1.6605724396e+03 -4.6353030426e-02 6.8891222578e-02
9.4133145540e-01 3.3302633213e-01 -5.4667661275e-02
-2.9670491607e-01 8.9384737387e-01 3.3615928515e-01
1.6081443921e-01 -3.0021714529e-01 9.4021719928e-01
4.5082099157e+00 3.4165550379e+00 -2.9367481032e+00
1.6775563709e+03 -6.2335685495e-02 1.8694116259e-01
9.2865414708e-01 3.5973954439e-01 -9.0492736253e-02
-3.3068316426e-01 9.1337926697e-01 2.3745938503e-01
1.6807772009e-01 -1.9059321830e-01 9.6717325498e-01
2.2311250992e+00 2.2338233672e+00 -5.7986588994e+00
0 0 0
0 0 0
0 0 0
0 0 0
0 0 0
0 0 0
0 0 0
0 0 0
0 0 0
0 0 0
0 0 0
0 0 0
0 0 0
0 0 0
0 0 0
0 0 0
0 0 0
0 0 0
0 0 0
0 0 0
0 0 0
0 0 0
0 0 0
0 0 0
0 0 0
0 0 0
0 0 0
0 0 0
0 0 0
0 0 0
0 0 0
0 0 0
0 0 0
0 0 0
0 0 0
0 0 0
0 0 0
0 0 0
0 0 0
0 0 0
0 0 0
0 0 0
0 0 0
0 0 0
0 0 0
0 0 0
0 0 0
0 0 0
0 0 0
0 0 0
0 0 0
0 0 0
0 0 0
0 0 0
0 0 0
0 0 0
0 0 0
0 0 0
0 0 0
0 0 0
1.6700734284e+03 1.9487536281e-02 -4.2427348526e-02
5.0468341113e-01 -8.3604233699e-01 2.1523908867e-01
4.0644259518e-01 4.5006126139e-01 7.9514104272e-01
-7.6164235134e-01 -3.1381215999e-01 5.6694166974e-01
-2.4956207120e-01 3.5621527230e+00 -2.4407515137e+00
0 0 0
0 0 0
0 0 0
0 0 0
0 0 0
0 0 0
0 0 0
0 0 0
0 0 0
0 0 0
0 0 0
0 0 0
0 0 0
0 0 0
0 0 0
1.6434847683e+03 -9.7680337911e-03 3.7570919007e-03
6.9718983304e-01 -6.7520135644e-01 2.4089305713e-01
6.7651591962e-01 7.3084323125e-01 9.0522824922e-02
-2.3717619444e-01 9.9856394884e-02 9.6632093695e-01
1.1587893297e+00 1.3439633073e+00 -1.8253251608e-01
1.6219025578e+03 3.6672488930e-03 -3.4328522976e-02
9.6610648599e-01 -2.3669398802e-01 1.0302530641e-01
2.2867034687e-01 9.6988075671e-01 8.3911800319e-02
-1.1978368080e-01 -5.7508901985e-02 9.9113298603e-01
3.7566583654e-01 9.6213235518e-01 1.5305625329e+00
0 0 0
0 0 0
0 0 0
0 0 0
0 0 0
0 0 0
0 0 0
0 0 0
0 0 0
0 0 0
0 0 0
0 0 0
0 0 0
0 0 0
0 0 0
0 0 0
0 0 0
0 0 0
0 0 0
0 0 0
1.5863457064e+03 -2.3919766818e-02 6.7980604544e-03
7.8580535581e-01 -5.9846624065e-01 1.5603878232e-01
5.3070917669e-01 7.8203403967e-01 3.2675760218e-01
-3.1758103306e-01 -1.7395666014e-01 9.3213806264e-01
1.0617783781e+00 1.8239704221e+00 7.4821137586e-01
1.5770026404e+03 -3.8789441365e-02 2.1099106607e-02
9.5344539088e-01 2.9923827267e-01 -3.7394421769e-02
-2.7434046156e-01 9.1216221881e-01 3.0446247343e-01
1.2521660337e-01 -2.8002953906e-01 9.5179002910e-01
4.5498887215e-01 1.2552163432e+00 1.0722404105e+00
0 0 0
0 0 0
0 0 0
0 0 0
0 0 0
0 0 0
0 0 0
0 0 0
0 0 0
0 0 0
0 0 0
0 0 0
0 0 0
0 0 0
0 0 0
0 0 0
0 0 0
0 0 0
0 0 0
0 0 0
0 0 0
0 0 0
0 0 0
0 0 0
0 0 0
0 0 0
0 0 0
0 0 0
0 0 0
0 0 0
1.6178798750e+03 -1.1165002500e-02 -5.3970796803e-02
6.2586353211e-01 -7.4503179337e-01 2.3069994808e-01
7.1227320622e-01 6.6649966593e-01 2.2010241937e-01
-3.1774473855e-01 2.6567314080e-02 9.4780401927e-01
5.5220881909e-01 2.0047326102e+00 -2.8320797770e-01
1.6376737055e+03 -1.0883528925e-02 -3.3865564009e-02
5.1225455011e-01 -8.2006076031e-01 2.5513844340e-01
7.9702072837e-01 5.6458876944e-01 2.1447023099e-01
-3.1992692048e-01 9.3487276304e-02 9.4281859057e-01
-1.7505606756e+00 2.0089345814e+00 -4.5238876643e-01
0 0 0
0 0 0
0 0 0
0 0 0
0 0 0
0 0 0
0 0 0
0 0 0
0 0 0
0 0 0
0 0 0
0 0 0
0 0 0
0 0 0
0 0 0
0 0 0
0 0 0
0 0 0
0 0 0
0 0 0
0 0 0
0 0 0
0 0 0
0 0 0
0 0 0
0 0 0
0 0 0
0 0 0
0 0 0
0 0 0
0 0 0
0 0 0
0 0 0
0 0 0
0 0 0
0 0 0
0 0 0
0 0 0
0 0 0
0 0 0
0 0 0
0 0 0
0 0 0
0 0 0
0 0 0
1.6543117950e+03 5.8564134391e-02 -1.0456611628e-01
3.9276814359e-01 -8.9710104692e-01 2.0234351235e-01
5.7996244500e-01 4.1238205573e-01 7.0255576469e-01
-7.1370634561e-01 -1.5858988531e-01 6.8225545106e-01
-3.8047061150e-01 5.1849365431e+00 -3.6963820565e+00
1.7257878013e+03 -1.5094667814e-02 -1.9826233520e-02
8.9736481880e-01 -4.2284465350e-01 1.2624888508e-01
4.2427740013e-01 9.0537903343e-01 1.6658138275e-02
-1.2134689825e-01 3.8616121497e-02 9.9185872252e-01
1.6964714912e+00 4.4985976920e+00 -2.7586756125e+00
1.6481717170e+03 1.2541489622e-02 -6.5187660854e-02
9.9994563487e-01 1.0135283378e-02 2.4501720463e-03
-1.0420893612e-02 9.6316005237e-01 2.6872684736e-01
3.6371491281e-04 -2.6873777097e-01 9.6321330876e-01
2.1913357714e+00 3.9996286510e+00 -3.5739864391e+00
1.6624012021e+03 -4.8510258453e-02 1.0830044050e-01
8.3083507378e-01 5.4192238350e-01 -1.2662231416e-01
-4.5206144499e-01 7.8988963573e-01 4.1438486135e-01
3.2458208536e-01 -2.8704441055e-01 9.0125022954e-01
1.7493808396e+00 2.6015887211e+00 -3.1604979497e+00
1.6635536381e+03 -4.2107799105e-02 5.4341357914e-02
6.2508240586e-01 7.6892934707e-01 -1.3423727162e-01
-6.1544858497e-01 5.9129416968e-01 5.2114704658e-01
4.8009897431e-01 -2.4314371082e-01 8.4284406076e-01
5.9903836669e-01 2.7432331725e+00 -2.7984464244e+00
1.5688285254e+03 -3.3646047660e-02 -1.0850863633e-02
-2.6337293731e-01 9.4777217179e-01 -1.7989609852e-01
-6.4719691103e-01 -3.5306377568e-02 7.6150483784e-01
7.1538161442e-01 3.1698796519e-01 6.2269396631e-01
8.7765038698e-01 1.8632685167e+00 -2.8690039180e+00
1.5511586731e+03 3.8716128242e-02 -1.2462220330e-01
-3.6123690311e-01 9.1618435999e-01 -1.7353419932e-01
-6.1418644905e-01 -9.3747645494e-02 7.8357283310e-01
7.0162875201e-01 3.8963777726e-01 5.9657312787e-01
-4.6512264697e-01 2.4714437901e+00 -2.1947058474e+00
1.8150711552e+03 1.4941390883e-02 -4.9530566201e-02
6.9987736761e-01 -6.9484382614e-01 1.6541985243e-01
6.8206332149e-01 7.1890875157e-01 1.3401429922e-01
-2.1204078802e-01 1.9033239030e-02 9.7707545258e-01
2.4283686997e+00 4.1291413490e+00 -3.5474015226e+00
1.6251584185e+03 1.0633634878e-01 -1.6955434459e-01
4.2895029611e-01 -8.6074446938e-01 2.7408137824e-01
6.6641662793e-01 5.0636497469e-01 5.4725075644e-01
-6.0982827213e-01 -5.2090986155e-02 7.9081983262e-01
-7.9217440946e-01 5.5728222132e+00 -5.3250471538e+00
0 0 0
0 0 0
0 0 0
0 0 0
0 0 0
1.6125477954e+03 2.5953030845e-02 -4.5411635173e-02
9.3590711981e-01 -3.0116778781e-01 1.8269052156e-01
1.2435389021e-01 7.6774102302e-01 6.2857762573e-01
-3.2956634093e-01 -5.6557199821e-01 7.5598567563e-01
1.3517238678e+00 4.7065337683e+00 -6.1651063693e+00
2.4071630587e-02 7.3470176941e-02 -3.6025276083e+00
30 35 38
3 6 38 256.8101 422.5000 36 23 420.8600 146.1700 30 31 9.0500 582.1500
2.6817927923e-01 -6.6804440064e-01 -3.3558905940e+00
66 70 71
4 6 54 443.7600 16.1700 36 31 525.4399 -371.1400 30 25 404.9700 84.7800 9 171 537.0200 45.0600
2.6817927923e-01 -6.6804440064e-01 -3.3558905940e+00
66 70 71
4 6 55 443.7600 16.1700 36 32 525.4399 -371.1400 30 26 404.9700 84.7800 9 172 537.0200 45.0600
1.9449921024e-01 -6.2691687244e-01 -3.6740399457e+00
205 207 194
3 6 56 344.7600 29.0700 36 33 417.3700 -344.9800 30 23 258.9301 67.7500
-1.1046735510e+00 -1.4768667807e+00 -3.1185745740e+00
162 167 172
8 6 83 -466.1700 -546.6200 36 45 -884.1700 -710.3000 7 278 85.7100 -53.5900 29 127 337.3300 -408.8700 43 132 133.2500 -249.4700 44 152 -975.3500 -193.7900 57 703 118.6000 181.8500 58 556 -240.3800 274.7200
-4.2185821103e-01 -4.5055597804e-01 -3.2696184892e+00
252 252 250
4 6 89 16.5400 166.2100 36 48 31.3101 -29.1400 30 35 -258.4800 152.7700 9 262 319.2800 147.2000
-7.0830430244e-01 4.7067744748e-01 -3.3728341952e+00
39 44 53
3 6 98 -159.9600 712.3101 36 57 31.9600 567.4900 12 262 369.8500 376.9399
-1.0906751558e+00 -1.0665599457e+00 -3.2223874018e+00
46 50 49
9 6 117 -433.6800 -242.1200 36 65 -670.1600 -340.2900 9 347 74.8000 -34.2700 7 281 39.9100 115.7600 29 138 177.1400 -243.4100 43 139 -43.5800 -103.8600 61 549 526.0500 611.9900 35 72 310.0900 -588.9200 8 63 612.9301 -523.0699
-1.0906751558e+00 -1.0665599457e+00 -3.2223874018e+00
46 50 49
9 6 118 -433.6800 -242.1200 36 66 -670.1600 -340.2900 9 348 74.8000 -34.2700 7 282 39.9100 115.7600 29 139 177.1400 -243.4100 43 140 -43.5800 -103.8600 61 550 526.0500 611.9900 35 73 310.0900 -588.9200 8 64 612.9301 -523.0699
-5.5485950297e-01 -4.3696250497e-01 -3.2869670083e+00
219 223 217
3 6 219 -67.2600 172.8300 36 141 -64.1300 5.8600 30 71 -393.2400 134.4600
-5.5229541939e-01 -4.4188443102e-01 -3.2616671026e+00
219 223 217
5 6 220 -67.2600 172.8300 36 142 -64.1300 5.8600 30 72 -393.2400 134.4600 9 354 274.7700 154.5700 7 405 191.4399 408.2400
-2.0118469956e-01 -2.5342327092e-01 -3.6617670894e+00
15 17 16
4 6 227 128.3400 235.9299 36 139 215.3800 -24.3000 30 76 -107.0700 286.2000 9 492 364.8900 165.5100
-2.0118469956e-01 -2.5342327092e-01 -3.6617670894e+00
15 17 16
4 6 228 128.3400 235.9299 36 138 215.3800 -24.3000 30 77 -107.0700 286.2000 9 493 364.8900 165.5100
-1.4295589413e-01 -1.2356602515e-01 -3.6531083473e+00
188 191 174
3 6 229 161.8000 307.2800 36 235 276.8600 46.4300 30 150 -87.0700 394.1100
-4.9196680200e-01 -1.2769259548e-01 -3.2819832843e+00
68 80 96
4 6 230 -27.5900 369.4200 36 242 53.3900 210.0800 30 78 -397.4400 439.6300 9 499 300.6700 252.4199
-1.0439718188e+00 -1.4550248090e+00 -3.1220569173e+00
93 106 114
7 6 269 -422.8100 -529.2100 36 101 -823.8600 -705.7300 9 651 80.4301 -170.3200 7 545 109.4200 -39.5600 29 483 350.4500 -374.7400 43 380 143.7500 -218.1300 8 159 634.3000 -776.0800
-8.3981152263e-01 -1.0004427455e+00 -3.4399311702e+00
131 135 143
2 6 329 -248.3100 -190.0800 36 202 -399.7900 -366.9301
-8.8677627808e-01 -9.4263850316e-01 -3.4552219610e+00
123 127 129
2 6 336 -275.9900 -153.3000 36 210 -413.4400 -314.3600
-4.4110175969e-01 -3.8216705808e-01 -3.2313254859e+00
235 236 230
4 6 354 7.3300 213.3600 36 234 33.4399 38.4200 30 172 -296.2000 221.4199 7 706 230.1899 441.6899
-1.8814541702e-01 -2.0959631785e-01 -3.6505748360e+00
185 189 176
2 6 361 136.3199 260.8301 36 229 232.6200 2.8200
-1.8883502198e-01 -2.0507766513e-01 -3.6638557950e+00
185 189 176
4 6 362 136.3199 260.8301 36 230 232.6200 2.8200 30 175 -108.0900 324.1799 9 696 368.7700 179.3600
-1.4873982243e-01 -1.6339162904e-01 -3.6777326563e+00
104 112 109
5 6 364 155.4301 281.4700 36 144 264.5601 18.4200 30 147 -84.8100 358.1700 9 494 381.3600 189.2900 12 760 423.7000 224.9099
-1.4784898085e-01 -1.6082741471e-01 -3.6868269813e+00
104 112 109
6 6 365 155.4301 281.4700 36 145 264.5601 18.4200 30 148 -84.8100 358.1700 9 495 381.3600 189.2900 12 761 423.7000 224.9099 57 506 511.2500 257.8301
-3.0653812800e-01 -1.7540791521e-01 -3.4751103467e+00
64 67 71
3 6 371 80.2500 306.5000 36 147 169.4600 85.6700 30 149 -205.4700 373.8201
-1.4573351514e+00 9.1602266891e-01 -4.0967192010e+00
113 112 118
2 6 380 -497.0100 750.1899 36 314 -244.3900 596.0800
-1.4573351514e+00 9.1602266891e-01 -4.0967192010e+00
113 112 118
2 6 381 -497.0100 750.1899 36 315 -244.3900 596.0800
-9.3601354804e-01 -1.3192486051e+00 -3.1459527780e+00
38 42 48
2 6 421 -341.3400 -426.4800 36 176 -667.8700 -607.0400
-9.8692638186e-01 -8.3159322821e-01 -3.4780552733e+00
99 102 107
2 6 430 -334.7700 -83.6900 36 277 -446.5800 -215.4600
-1.2501629410e+00 -1.4085714661e+00 -3.1245643847e+00
97 114 116
2 6 542 -572.3200 -494.8600 36 340 -972.9300 -596.4100
-8.5380599581e-01 -1.0471979510e+00 -3.4023037950e+00
147 155 158
2 6 588 -260.0400 -220.9100 36 367 -431.8800 -397.1801
-5.2483982320e-01 -4.2649331341e-01 -3.2722466202e+00
81 85 91
2 6 629 -47.6500 182.1100 36 510 -41.1300 10.1900
-1.5029093988e-01 1.3294905248e-01 -3.6598998058e+00
137 155 158
5 6 646 156.4000 445.3500 36 534 310.9800 195.2300 30 332 -137.8700 582.6700 12 2363 439.8900 272.4700 57 1869 543.8400 315.7100
-1.5267492971e-01 1.1847369071e-01 -3.6278019319e+00
137 155 158
6 6 647 156.4000 445.3500 36 535 310.9800 195.2300 30 333 -137.8700 582.6700 29 768 46.2800 451.0000 12 2364 439.8900 272.4700 57 1870 543.8400 315.7100
-1.2907110177e+00 -1.4671125068e+00 -3.1157587748e+00
119 130 136
4 6 673 -605.3800 -540.5200 36 451 -1035.8101 -639.3700 29 820 268.9301 -478.6600 8 393 488.7200 -771.8000
6.3414222973e-01 -1.0554998824e+00 -3.6183825891e+00
212 214 209
3 6 689 602.2300 -214.4200 36 319 685.3300 -766.9600 30 350 677.6300 -172.3000
-6.8299651465e-01 -6.3211285234e-01 -3.5643487395e+00
19 20 20
3 6 726 -146.7500 33.4800 36 474 -177.3400 -156.0500 29 1044 117.8500 44.8600
-4.4868558599e-01 -4.0433920283e-01 -3.2571804265e+00
86 95 106
5 6 768 1.4301 194.7800 36 516 22.4500 15.6100 30 320 -297.0800 194.2300 9 1228 310.6100 162.8100 7 1141 227.3000 428.6600
-4.2416910506e-01 -4.0094864834e-01 -3.2423330190e+00
86 102 128
4 6 769 18.6899 199.4300 36 514 42.2900 14.9200 30 321 -275.9200 205.7300 7 1143 238.0601 435.4900
-1.2438703023e-01 -3.0878687757e-01 -3.6825060467e+00
197 200 191
3 6 771 169.0900 201.7000 36 585 254.7100 -75.6900 30 361 -39.5500 253.1300
-3.9596667848e-01 -3.7596242553e-01 -3.2717669885e+00
121 160 203
3 6 772 35.2600 211.6200 36 519 70.6100 20.3300 30 322 -252.4000 228.9700
-8.4658859665e-02 -2.3885922128e-01 -3.7089702371e+00
30 34 35
4 6 777 188.7300 237.3700 36 497 288.6200 -45.6400 30 324 -23.9600 306.3101 9 1227 396.6400 162.0600
-1.8028277121e-01 -1.9589177594e-01 -3.6450551112e+00
193 201 189
3 6 781 141.5900 269.1300 36 598 239.8700 10.2800 30 363 -101.1800 336.9000
-4.8747136337e-01 -9.4314085873e-02 -3.2615616094e+00
144 146 143
6 6 796 -24.8800 397.0300 36 653 65.3101 234.5200 30 330 -405.9500 481.0300 9 878 307.0699 263.1699 43 559 -217.6700 439.5200 35 392 169.9200 316.7300
-1.6269489024e-01 9.4092668280e-02 -3.6283924968e+00
142 155 161
3 6 799 151.4000 430.9200 36 531 300.4700 182.4600 30 381 -140.0300 562.1799
-1.4304898843e-01 1.0344296249e-01 -3.6308395784e+00
26 33 43
2 6 800 162.1801 434.9000 36 639 314.2700 183.4900
8.7631309550e-03 1.2484396836e-01 -3.6398508936e+00
134 145 147
2 6 801 244.8700 443.0500 36 635 412.7000 167.5200
-1.0957888590e+00 -1.4653812564e+00 -3.1174852211e+00
108 121 130
5 6 828 -462.5800 -538.0800 36 559 -873.7800 -699.8500 61 2275 614.9301 543.8400 59 3380 87.6700 63.9100 8 388 603.6200 -780.5400
-2.4066790884e-01 -6.7169047527e-01 -3.2776038615e+00
163 188 216
3 6 868 137.5000 21.5200 36 462 122.6500 -241.8400 30 352 -36.1100 -19.8500
-6.8955346369e-01 -6.1055990125e-01 -3.5745645322e+00
146 146 118
3 6 873 -147.0400 43.8900 36 579 -177.4600 -142.5000 30 421 -441.2500 -73.8300
-2.0178952721e-01 -3.4634580490e-01 -3.6585723929e+00
185 188 161
3 6 888 128.5400 185.1800 36 720 199.0800 -80.4700 30 359 -90.1400 215.6699
-3.9985720486e-01 -4.0811299640e-01 -3.2764981135e+00
179 205 232
3 6 891 33.3600 190.7600 36 508 59.4200 -4.1400 30 358 -248.9400 197.2400
-1.2271922560e-01 -2.8867263008e-01 -3.6945149279e+00
114 126 133
2 6 899 168.9800 211.7700 36 722 258.2500 -65.6500
-1.4759316770e-01 -1.7617912783e-01 -3.6973508291e+00
105 114 112
3 6 910 154.8400 272.5300 36 595 259.9000 5.3500 30 364 -81.3400 345.4900
-2.2121490530e-01 2.3984133181e-01 -3.8435019387e+00
80 96 111
3 6 925 105.4600 468.1700 36 752 269.4500 214.2400 12 3466 428.1300 278.8700
-2.2121490530e-01 2.3984133181e-01 -3.8435019387e+00
80 96 111
3 6 926 105.4600 468.1700 36 753 269.4500 214.2400 12 3467 428.1300 278.8700
-5.5470223495e-01 2.0637103994e-03 -3.1117883135e+00
72 69 76
3 6 928 -64.6500 491.9100 36 765 35.0601 369.7900 30 384 -525.3300 628.0400
-5.7358085577e-01 2.7369252851e-02 -3.1184676861e+00
202 196 170
3 6 934 -78.5200 506.6899 36 768 26.9100 388.1000 30 391 -549.6600 646.9299
-5.7358085577e-01 2.7369252851e-02 -3.1184676861e+00
202 196 170
3 6 935 -78.5200 506.6899 36 769 26.9100 388.1000 30 392 -549.6600 646.9299
-8.8328406771e-01 -1.2876019310e+00 -3.1581645580e+00
95 113 121
2 6 980 -302.2600 -402.8199 36 681 -607.0000 -592.2500
-6.3034287431e-01 -4.8320991999e-01 -3.2504391767e+00
81 89 109
3 6 1055 -117.0700 147.3700 36 594 -136.3900 -2.9000 30 427 -464.0600 78.9800
-2.1608733329e-01 -3.4248538521e-01 -3.6639826678e+00
97 107 120
3 6 1063 119.9100 186.5000 36 721 189.6000 -76.6600 30 488 -101.6000 216.0701
-9.3372857691e-02 -2.6565527711e-01 -3.7054828782e+00
23 29 40
3 6 1068 184.2200 223.8900 36 724 279.1300 -59.4200 30 437 -25.1400 285.2900
-2.3503077710e-01 -2.3831874252e-01 -3.6554879345e+00
189 192 178
3 6 1071 109.9600 244.4299 36 729 196.6300 -7.5000 30 491 -135.6000 293.8201
-1.6235365289e-01 9.0600002906e-03 -3.6060619029e+00
184 199 195
3 6 1085 153.6300 388.0200 36 745 289.3000 139.0400 30 443 -123.9200 505.4100
-1.3128978829e-01 1.3214959203e-01 -3.6324224256e+00
27 35 47
2 6 1089 168.6200 450.1899 36 1094 325.8300 197.2700
-1.3128978829e-01 1.3214959203e-01 -3.6324224256e+00
27 35 47
2 6 1090 168.6200 450.1899 36 1095 325.8300 197.2700
-1.1021293438e-01 1.6228078753e-01 -3.6506396026e+00
146 159 170
3 6 1091 178.2800 463.0200 36 878 342.1000 206.5700 30 448 -112.8300 612.2800
-1.1023779080e-01 1.6232549705e-01 -3.6504897819e+00
146 159 170
3 6 1092 178.2800 463.0200 36 879 342.1000 206.5700 30 504 -112.8800 612.4500
3.1248977951e-01 -1.0257100778e+00 -3.6239305407e+00
186 187 181
3 6 1209 422.3400 -197.5900 36 914 443.3700 -663.2200 30 543 435.2400 -211.1100
-8.3230464339e-02 -7.5998150699e-02 -3.5834236491e+00
126 138 132
2 6 1798 200.3400 343.4299 36 1074 329.4800 79.7100
-8.3230464339e-02 -7.5998150699e-02 -3.5834236491e+00
126 138 132
2 6 1799 200.3400 343.4299 36 1075 329.4800 79.7100
-3.1538904599e-01 -9.1149178441e-02 -3.2318852880e+00
195 206 210
3 6 1815 89.8500 400.0000 36 881 194.0601 214.4399 30 568 -239.6800 527.9299
-2.3852592416e-01 2.2019343464e-01 -3.8343373317e+00
145 166 159
2 6 1835 97.2100 460.0500 36 1096 257.2300 208.6200
-2.3852592416e-01 2.2019343464e-01 -3.8343373317e+00
145 166 159
2 6 1836 97.2100 460.0500 36 1097 257.2300 208.6200
-9.9754815335e-02 1.6954917927e-01 -3.6529375992e+00
49 59 65
2 6 1839 183.8600 465.8800 36 1416 349.3000 207.4900
-2.7375628559e-01 -6.5377630358e-01 -3.2367160640e+00
173 188 193
2 6 2637 117.6400 34.3800 36 1010 100.9800 -213.2400
-2.3281761955e-01 -4.2742632093e-01 -3.5305297550e+00
192 194 180
2 6 58 120.0900 151.1900 30 36 -94.6500 167.7500
5.2032193354e-01 -1.1954073372e+00 -3.6217131571e+00
237 237 235
2 6 85 540.2000 -295.3500 30 47 622.6600 -301.6600
6.3097347527e-01 -1.1576062978e+00 -3.6383813315e+00
239 238 234
2 6 86 597.3900 -272.1700 30 33 687.6500 -250.0699
-1.2607890212e-01 -2.1958379312e-01 -3.7377183770e+00
175 181 174
2 6 91 164.0500 244.6599 30 50 -60.2000 307.0200
-1.6073828392e-01 -8.1080846457e-02 -3.5494559863e+00
12 14 13
2 6 92 160.6500 347.3900 30 41 -104.8400 452.9700
-9.7003747954e-01 -1.4681089546e+00 -3.1204411256e+00
170 173 178
9 6 115 -369.2400 -539.9500 36 59 -767.1000 -742.9200 9 345 106.8800 -177.2300 7 386 144.8800 -37.3800 29 191 380.3800 -351.7700 43 188 173.0900 -191.9300 12 737 209.5000 91.5600 44 162 -928.8600 -132.1400 61 346 637.2700 563.3600
-6.7107157820e-01 -1.3358387003e+00 -3.3542693892e+00
13 17 26
2 6 172 -146.8900 -412.3400 36 102 -391.6900 -682.4399
-7.0861219568e-01 -1.2685441939e+00 -3.3640901210e+00
13 18 22
2 6 176 -170.5600 -366.9000 36 106 -398.1000 -613.7000
-7.8827448628e-01 -1.1391023425e+00 -3.3919210512e+00
10 15 18
2 6 183 -219.7300 -281.0601 36 113 -412.9800 -485.1300
-8.3265262766e-01 -1.0770811983e+00 -3.4127224477e+00
13 17 20
2 6 187 -246.3200 -240.4900 36 119 -422.4000 -425.3000
-6.5050404385e-01 -4.6310908589e-01 -3.2475940263e+00
224 226 223
2 6 216 -131.3100 160.7200 30 143 -489.3100 93.9300
-7.6104265534e-01 -4.1895870192e-01 -3.4206580417e+00
188 187 166
2 6 217 -195.9500 170.3000 30 67 -569.7400 88.3500
-9.3864345215e-01 -1.4472160416e+00 -3.1294926125e+00
34 38 41
4 6 273 -346.2000 -522.2400 36 166 -726.9100 -730.6100 29 490 382.2000 -332.0800 43 386 173.8600 -171.8800
-9.3868867593e-01 -1.4466503672e+00 -3.1281485086e+00
34 38 41
9 6 274 -346.2000 -522.2400 36 167 -726.9100 -730.6100 9 650 119.3900 -170.2800 7 687 155.2800 -26.0600 29 491 382.2000 -332.0800 43 387 173.8600 -171.8800 44 394 -926.2400 -114.3100 57 1766 163.9100 166.5300 11 1773 975.8101 398.6700
-6.6748490329e-01 -1.2848795569e+00 -3.3660043103e+00
13 20 28
2 6 301 -144.0300 -377.1500 36 169 -370.7600 -638.8600
-6.7496072080e-01 -1.2476587647e+00 -3.3842399531e+00
125 135 145
2 6 303 -148.1900 -351.2600 36 174 -361.3900 -604.1600
5.8039115352e-01 -1.2159677704e+00 -3.6079397000e+00
15 19 30
2 6 312 577.3000 -307.5699 30 137 675.5400 -307.0000
5.8039115352e-01 -1.2159677704e+00 -3.6079397000e+00
15 19 30
2 6 313 577.3000 -307.5699 30 138 675.5400 -307.0000
-7.5409230995e-01 -1.1213343642e+00 -3.4184393355e+00
130 135 139
2 6 316 -196.5300 -267.6200 36 190 -376.7100 -480.1500
6.5144852738e-01 -1.0782993631e+00 -3.6090806559e+00
81 85 87
4 6 322 614.8300 -226.8300 30 140 700.3900 -186.8900 9 469 621.4700 -115.0900 7 395 645.1200 204.4500
-9.4954635374e-01 -2.2875658617e-01 -3.4780106932e+00
149 148 118
2 6 367 -305.7700 280.0400 30 146 -765.7500 208.9100
4.0765770435e-01 -1.3339633645e+00 -3.5365654959e+00
210 208 195
2 6 557 496.1600 -383.7500 30 275 600.1200 -445.5500
4.4570015444e-01 -1.3187588674e+00 -3.5291272330e+00
61 66 86
2 6 559 519.5900 -375.2100 30 248 628.9301 -425.9100
-8.5487246665e-01 -1.4515036306e+00 -3.1271025132e+00
108 118 122
12 6 676 -286.6700 -526.5601 36 447 -657.7300 -762.5100 9 1166 148.9200 -176.2100 7 1085 192.2100 -19.5200 29 1255 411.7800 -301.5400 43 650 202.0200 -139.2600 12 3380 231.0800 86.2300 44 850 -895.7700 -82.1600 57 2068 185.0400 154.2300 61 2290 653.0400 585.9600 35 313 737.7200 -751.0900 8 325 744.4100 -784.8101
-9.7917657082e-01 -1.4509931508e+00 -3.1256060336e+00
111 121 128
6 6 678 -375.8300 -526.1899 36 448 -765.3300 -722.1300 9 1415 104.5000 -171.1300 29 1238 369.3000 -347.5699 43 883 162.7900 -189.0000 8 390 670.6500 -777.4600
-2.9123582120e-01 -6.5165280242e-01 -3.1766990039e+00
53 65 88
4 6 728 110.5200 39.7600 30 353 -82.1800 -4.0300 9 1031 366.5800 82.5000 7 1133 326.6000 358.1000
-1.6029959418e-01 1.0096632565e-01 -3.6460177769e+00
142 155 161
2 6 798 151.4000 430.9200 30 380 -140.0300 562.1799
-6.2896177877e-01 -4.4051379470e-01 -3.2473962191e+00
113 120 114
2 6 887 -116.9000 175.5700 30 357 -472.3500 121.0200
-2.2614913529e-01 -3.5429703551e-01 -3.5997261628e+00
96 107 115
2 6 890 119.0699 186.5700 30 360 -105.8800 215.6200
-5.6436775652e-01 8.2607603341e-03 -3.0981968553e+00
70 72 67
2 6 932 -71.9800 500.0200 30 389 -539.5600 638.8600
2.9761836154e-01 -1.2003154843e+00 -3.5643216430e+00
215 218 207
2 6 989 426.0500 -302.8800 30 414 478.0500 -356.5500
-3.0253951421e-01 -2.1164056285e-01 -3.6176386769e+00
174 178 167
2 6 1072 74.4500 264.9299 30 493 -193.3900 310.5100
-1.6120627759e-01 1.2166633533e-02 -3.6149630115e+00
184 199 195
2 6 1086 153.6300 388.0200 30 445 -123.9200 505.4100
-5.4182898447e-01 2.7418573161e-03 -3.1023034079e+00
100 104 119
2 6 1095 -55.7600 495.4900 30 509 -512.8400 635.1500
-9.9278388394e-01 -1.4870514196e+00 -3.1172236807e+00
158 158 160
2 6 1132 -387.5100 -554.2600 36 780 -795.4500 -754.4200
-1.2780415161e+00 -8.8663474261e-01 -3.2422571007e+00
47 53 68
2 6 1232 -558.4900 -116.1500 36 845 -738.5200 -156.0300
-3.1028780285e-01 -6.5237526249e-01 -3.1724531279e+00
229 227 211
3 6 1272 98.1700 38.5800 30 486 -101.4800 -8.1200 9 2364 358.5900 83.0000
-1.3314438719e-01 -1.8238829077e-01 -3.7064029456e+00
180 186 173
2 6 1323 162.2000 268.1799 30 495 -70.2600 340.0800
1.0248248314e-01 1.1088099434e-01 -3.6648026021e+00
56 60 81
2 6 1339 293.3900 429.7500 30 572 53.9399 600.7800
-1.2325483685e-01 1.6812077957e-01 -3.6826565044e+00
115 130 136
2 6 1346 168.3800 459.6300 30 502 -124.6300 604.3900
-7.0378540087e-01 -6.4154742801e-01 -3.5696322394e+00
128 132 134
4 6 1726 -158.2800 26.1900 30 547 -446.8000 -101.7700 29 4488 114.2600 34.0500 43 3301 -109.0900 134.1700
-7.8363807608e-02 -2.4851377430e-01 -3.7425730249e+00
152 173 159
2 6 1785 188.6500 227.8301 30 560 -20.0601 292.9800
-7.1081848950e-02 -4.1685610543e-02 -3.6199194340e+00
126 145 144
2 6 1802 203.7000 356.6600 30 641 -44.5200 476.8900
-2.3507057085e-02 -2.4678391576e-02 -3.6111948856e+00
145 163 165
2 6 1803 230.9399 366.9299 30 643 -10.5400 499.6600
-2.3507057085e-02 -2.4678391576e-02 -3.6111948856e+00
145 163 165
2 6 1804 230.9399 366.9299 30 644 -10.5400 499.6600
5.4052862512e-02 3.9396035013e-02 -3.6404975900e+00
115 137 126
2 6 1812 270.2600 396.1400 30 748 33.6801 549.7300
7.5441200218e-02 4.4589010071e-02 -3.6434989469e+00
120 133 119
2 6 1813 281.3400 398.2100 30 654 48.5800 555.7200
-1.9200624969e-02 1.7189859362e-01 -3.6648411934e+00
146 165 160
2 6 1838 226.7800 463.8800 30 580 -47.0800 627.9800
-5.9076821798e-01 5.7188552707e-02 -3.1151600437e+00
192 183 166
2 6 1848 -89.5500 528.9299 30 665 -575.7000 674.6799
-1.3895269832e-02 1.9049353005e-01 -3.6855611740e+00
146 157 141
2 6 2766 227.3900 469.6899 30 755 -47.6400 634.7400
-4.9611126031e-01 -4.1192475484e-01 -3.2626861594e+00
70 80 80
2 36 49 -15.5400 17.6000 30 37 -342.6000 175.7400
-1.9958143810e-01 -9.5318053014e-01 -3.6147642283e+00
180 184 170
2 36 63 84.8000 -487.7100 30 48 29.5800 -255.9301
-3.4456099321e-01 -6.1043055050e-01 -3.1251298759e+00
251 252 247
2 36 72 53.6400 -140.9900 30 66 -146.4500 31.8200
-6.5418530951e-01 -1.3259819721e+00 -3.4551192741e+00
153 157 160
2 36 103 -355.7200 -671.3500 30 88 -277.1100 -710.5100
-6.5418530951e-01 -1.3259819721e+00 -3.4551192741e+00
153 157 160
2 36 104 -355.7200 -671.3500 30 90 -277.1100 -710.5100
-7.6768022185e-01 -1.2877449054e+00 -3.4106257379e+00
186 188 186
2 36 336 -439.6600 -612.2800 30 193 -395.9100 -719.3800
-2.5857483200e-01 -6.7366869041e-01 -3.2778174346e+00
78 100 126
2 36 465 108.2800 -238.2500 30 351 -51.7900 -25.3800
-3.9606070759e-01 -3.7455442121e-01 -3.2758554635e+00
135 165 203
2 36 518 70.6100 20.3300 30 323 -252.4000 228.9700
-1.2699562650e-01 2.0807910400e-02 -3.6026865630e+00
49 66 71
2 36 526 314.5000 140.6500 30 331 -98.6400 520.8300
-2.5803326087e-02 1.6621467125e-01 -3.6444272617e+00
104 118 114
2 36 533 396.5500 196.0400 30 387 -49.8700 629.8700
-6.0899417774e-01 4.5991742343e-02 -3.1432714864e+00
106 103 89
2 36 658 4.3900 397.2500 30 390 -585.1400 645.3800
-5.8936181757e-01 6.3025121155e-02 -3.1413834862e+00
172 169 156
2 36 659 23.2000 405.7300 30 340 -568.4600 667.1100
-5.8936181757e-01 6.3025121155e-02 -3.1413834862e+00
172 169 156
2 36 660 23.2000 405.7300 30 341 -568.4600 667.1100
-5.3687692754e-01 3.4097525168e-01 -3.4862341028e+00
17 19 23
2 36 664 114.2600 425.3000 30 399 -501.6400 755.7100
-1.3430276065e-01 -3.2295173438e-01 -3.6776659510e+00
92 93 97
2 36 719 246.2500 -81.6800 30 433 -44.1600 241.3101
-5.6489380484e-01 5.3985318948e-02 -3.1449482923e+00
85 85 59
2 36 770 39.2200 393.3600 30 453 -539.2500 661.2500
-5.9432385655e-01 3.0227662866e-02 -3.1232633439e+00
175 173 144
2 36 890 10.9399 392.3101 30 510 -570.9300 642.8000
-6.2709844477e-01 -4.8668539402e-01 -3.2802374867e+00
215 222 209
2 36 1049 -131.2300 -12.1600 30 551 -454.2300 71.6200
-5.6479113807e-01 3.7836767732e-02 -3.1403326516e+00
67 68 58
2 36 1105 35.4700 384.5800 30 583 -536.5500 647.5000
-5.6479113807e-01 3.7836767732e-02 -3.1403326516e+00
67 68 58
2 36 1106 35.4700 384.5800 30 584 -536.5500 647.5000
-6.1504296154e-01 7.5472522376e-02 -3.1436592212e+00
172 174 169
2 36 1111 6.5000 417.2000 30 511 -598.0600 673.8500
-5.9911623410e-01 8.7222540457e-02 -3.1506748533e+00
167 168 147
2 36 1112 21.1899 418.8000 30 512 -581.7300 685.0000
-6.1987533189e-01 -4.8356511834e-01 -3.2849548688e+00
42 51 52
2 36 1345 -124.3400 -12.4800 30 623 -447.0300 75.4600
-6.1695233073e-02 -2.6063456984e-01 -3.7245379196e+00
134 147 135
2 36 1840 298.9399 -65.3600 30 891 -4.4000 290.5500
-4.8529658230e-01 -1.1166121733e+00 -2.6487100820e+00
166 169 177
2 36 2096 -319.0800 -571.8700 30 668 -168.9500 -756.1700
1.4175364349e+00 -4.7883725471e-01 -4.7037707947e+00
35 40 46
2 6 7 717.7900 46.9200 9 13 714.8199 -7.2900
-1.3593767526e+00 -1.5616603785e+00 -3.0854491568e+00
33 34 36
5 6 25 -663.9300 -618.0400 9 87 -37.8199 -196.8800 7 65 -19.2100 -117.8700 29 50 285.1500 -545.0100 43 32 87.9301 -392.3800
-5.8291149015e-01 -3.3684425679e-01 -3.2870578039e+00
46 47 42
2 6 27 -85.6400 236.4099 9 96 265.2000 187.3700
-9.6131809519e-01 -1.3731861210e+00 -3.1500066831e+00
40 41 43
6 6 33 -359.2900 -466.0000 9 115 113.2600 -144.3300 7 89 134.3700 4.0800 29 52 344.6700 -312.1300 43 54 132.9500 -155.8100 61 119 615.0100 581.0500
-5.7387557055e-01 -2.6244546239e-02 -3.2426281052e+00
52 60 63
2 6 39 -78.6400 442.1300 9 126 278.6400 291.7100
-9.8537071320e-01 -1.6258843202e+00 -3.0772091912e+00
126 133 139
12 6 45 -391.0500 -666.8800 9 163 96.6400 -234.9200 7 132 159.7400 -109.1600 29 88 439.7900 -419.8300 43 109 240.0601 -253.5699 12 347 197.5601 67.0700 55 322 331.7000 762.7500 44 57 -870.3300 -180.9400 56 487 321.0500 437.0400 57 470 129.4800 140.1400 11 619 964.2500 365.4399 58 550 -256.2800 238.0701
-9.8550582491e-01 -1.6262443696e+00 -3.0770570486e+00
126 133 139
12 6 46 -391.0500 -666.8800 9 164 96.6400 -234.9200 7 133 159.7400 -109.1600 29 87 439.7900 -419.8300 43 108 240.0601 -253.5699 12 348 197.5601 67.0700 55 323 331.7000 762.7500 44 58 -870.3300 -180.9400 56 488 321.0500 437.0400 11 620 964.2500 365.4399 58 551 -256.2800 238.0701 64 1469 82.1500 311.7500
-1.2293101672e+00 -1.6341528230e+00 -3.0729012860e+00
121 130 137
14 6 47 -570.8000 -672.3500 9 165 6.5800 -229.3500 7 86 51.6100 -139.3500 29 66 360.9800 -521.1500 43 78 166.0200 -361.9800 12 244 150.8199 80.9500 55 159 269.7800 734.2700 44 43 -951.9700 -289.5800 56 248 253.4301 436.5200 57 192 65.9200 169.5800 61 161 632.5699 489.9299 11 124 885.0800 383.8800 58 247 -298.8000 279.3900 59 228 52.7400 95.5100
-1.3126473616e+00 -1.6107984150e+00 -3.0688140954e+00
37 37 35
8 6 48 -634.1000 -656.1801 9 166 -23.0800 -216.0699 7 128 10.2700 -136.6700 29 83 323.9000 -547.6899 43 104 128.4600 -390.1400 55 317 244.8800 732.4000 61 220 613.4301 479.5200 58 249 -308.6000 296.1799
-1.3131833454e+00 -1.6095303226e+00 -3.0668096031e+00
37 37 35
11 6 49 -634.1000 -656.1801 9 167 -23.0800 -216.0699 7 129 10.2700 -136.6700 29 84 323.9000 -547.6899 43 77 127.2600 -390.4700 12 247 137.4800 92.0900 55 318 244.8800 732.4000 44 56 -993.4200 -317.4500 56 249 229.8400 445.3700 61 221 613.4301 479.5200 11 274 860.7900 400.1300
-2.7364170775e-01 -7.0468841446e-01 -3.1964086563e+00
255 255 255
2 6 52 120.6300 2.4900 9 175 369.5400 60.6900
-2.7364170775e-01 -7.0468841446e-01 -3.1964086563e+00
255 255 255
2 6 53 120.6300 2.4900 9 176 369.5400 60.6900
-4.7860058766e-01 -2.9282930034e-01 -3.2499202934e+00
232 233 227
2 6 60 -17.2800 269.2500 9 180 303.7300 201.3000
-4.7860058766e-01 -2.9282930034e-01 -3.2499202934e+00
232 233 227
2 6 61 -17.2800 269.2500 9 181 303.7300 201.3000
-1.5560391386e+00 8.6203772546e-01 -4.1847038547e+00
28 31 36
4 6 71 -534.0100 704.9399 9 135 -20.3600 456.7700 7 149 -314.7600 617.6600 12 211 239.6300 411.7600
-1.1641273079e+00 -1.6702515831e+00 -3.0614368738e+00
32 34 33
14 6 73 -525.2500 -705.4000 9 255 30.8300 -246.1400 7 179 87.2900 -147.7300 29 86 401.6500 -509.8000 43 107 206.2000 -345.1500 55 503 291.7800 734.8101 44 82 -914.5000 -270.3700 61 339 651.0800 496.4399 4 105 -442.8900 765.8700 58 241 -301.5300 261.5300 59 602 40.1801 88.1600 60 717 -293.5800 268.2700 62 1592 -166.6500 537.4500 25 284 -67.6200 -58.4200
-1.1626908612e+00 -1.6720164243e+00 -3.0602916361e+00
32 34 33
13 6 74 -525.2500 -705.4000 9 256 30.8300 -246.1400 7 180 87.2900 -147.7300 29 85 401.6500 -509.8000 43 106 206.2000 -345.1500 12 349 160.9900 69.1300 55 504 291.7800 734.8101 44 81 -914.5000 -270.3700 56 485 274.0200 427.2800 61 338 651.0800 496.4399 4 106 -442.8900 765.8700 59 603 40.1801 88.1600 60 718 -293.5800 268.2700
-1.2968040681e+00 -1.4906138410e+00 -3.1067725995e+00
172 173 176
13 6 81 -612.4800 -558.7700 9 346 -12.0500 -174.8600 7 276 2.2400 -80.4100 29 125 276.9500 -490.7400 43 129 75.8600 -337.8600 12 745 148.2600 107.6100 55 513 230.9000 763.4000 44 143 -1032.6300 -277.5400 56 761 234.0400 465.3700 57 488 71.2500 200.9700 61 342 585.0601 504.8900 58 562 -275.8900 306.3900 59 606 94.3199 99.2800
-3.5545635720e-01 -6.0206803988e-01 -3.1845681026e+00
255 255 255
2 6 87 66.8900 72.2900 9 260 343.6300 100.0100
-1.1135086630e+00 -1.6396446077e+00 -3.0717461456e+00
165 164 170
10 6 106 -488.8700 -676.2200 9 341 50.6801 -235.6801 7 271 104.9600 -127.3500 12 350 173.0800 71.4800 55 506 300.7400 747.4399 44 83 -908.0100 -238.6300 56 758 285.4000 435.3000 57 473 93.0601 151.9600 4 163 -414.2900 771.7900 11 903 922.0100 373.7700
-1.1428675776e+00 -1.7612514703e+00 -3.0326359617e+00
32 31 36
12 6 132 -517.5500 -781.5500 9 441 35.3000 -278.1500 7 375 109.2100 -185.6100 29 309 445.9399 -538.5300 43 251 255.5601 -369.4700 55 1265 311.9200 715.8199 44 268 -872.0400 -285.8000 57 1428 65.8000 136.8100 61 527 677.7600 485.6000 4 409 -452.9200 726.3900 60 1058 -323.8900 270.3900 25 407 -1.2000 -67.1300
-1.7964303291e+00 -1.6927143799e+00 -3.0353845562e+00
44 44 52
5 6 136 -1010.8100 -727.2000 9 453 -206.9700 -228.5200 43 165 -6.4100 -655.4900 57 1468 -75.8100 227.3800 61 517 544.9301 376.0100
-1.1847447592e+00 -1.6293196073e+00 -3.0689653007e+00
159 159 165
9 6 139 -538.9800 -670.6899 9 450 23.8500 -228.4600 7 381 71.2100 -130.8200 12 1615 159.9200 78.9400 55 1274 281.0200 741.7400 44 276 -938.8700 -267.7100 57 1017 76.5000 164.9400 4 353 -444.3500 789.7900 58 1111 -293.0300 271.9700
-1.1860937717e+00 -1.6299475602e+00 -3.0726592133e+00
159 159 165
14 6 140 -538.9800 -670.6899 9 451 23.8500 -228.4600 7 382 71.2100 -130.8200 29 183 374.0601 -502.5200 43 182 177.7000 -340.6600 12 1616 159.9200 78.9400 55 854 280.3800 741.4200 44 277 -938.8700 -267.7100 57 1018 76.5000 164.9400 61 531 638.2100 498.6600 58 1112 -293.0300 271.9700 59 970 50.4800 89.5300 60 1054 -282.7500 269.1899 25 215 -88.4300 -60.4600
-1.2467200717e+00 -1.6076111638e+00 -3.0735946453e+00
165 166 170
15 6 146 -584.1800 -652.8199 9 455 1.1899 -217.4500 7 383 39.2500 -127.3100 29 181 343.5601 -517.9500 43 181 147.1700 -358.8500 12 1144 149.3500 86.8500 55 853 261.4399 739.8700 44 267 -970.2100 -289.0400 56 1167 248.6400 442.1000 57 1025 65.1200 176.5600 61 754 622.3700 492.7300 11 1433 881.4100 390.7100 59 1375 60.4000 97.8200 60 1061 -269.3900 275.4299 25 405 -116.0600 -67.5900
-1.3296168420e+00 -1.5106794739e+00 -3.1006242246e+00
34 35 39
8 6 154 -637.5200 -575.2100 9 458 -25.9301 -180.0600 7 534 -10.9800 -91.2500 29 182 274.8900 -514.0000 12 1161 140.4500 106.6800 55 858 224.3101 753.5699 44 261 -1038.1899 -296.3900 56 1561 225.4301 462.2200
-3.3281554582e-01 -6.5626643192e-01 -3.1906406267e+00
35 38 31
4 6 208 81.8800 35.0000 9 478 349.8600 80.7300 7 402 309.5699 350.4600 12 365 375.2000 188.3300
-3.3249843646e-01 -6.5623365227e-01 -3.1927028025e+00
35 38 31
3 6 209 81.8800 35.0000 9 479 349.8600 80.7300 7 403 309.5699 350.4600
-1.7102934525e+00 -1.7329283029e+00 -3.0231495785e+00
115 125 126
12 6 238 -951.5500 -762.1100 9 821 -176.5900 -246.9200 7 505 -164.8800 -238.4700 29 432 233.1200 -772.5000 43 230 46.5500 -629.2500 12 1632 56.2600 95.9700 55 1732 157.3500 658.8400 56 1546 125.5601 419.6100 57 1461 -64.2400 210.6800 11 1777 741.8101 401.9500 58 1853 -402.7900 346.2900 25 509 -229.3300 -228.4600
-1.1913702265e+00 -1.7243401113e+00 -3.0403444199e+00
151 151 149
10 6 239 -551.6000 -750.3300 9 618 17.9000 -263.3500 7 668 81.1600 -174.8100 29 456 414.5500 -543.5601 43 362 223.0200 -377.7600 55 1753 293.4200 718.3600 44 351 -903.6800 -296.7200 61 1029 661.1500 481.2600 4 419 -466.3700 750.0000 59 1891 25.4399 96.4000
-1.1913702265e+00 -1.7243401113e+00 -3.0403444199e+00
151 151 149
10 6 240 -551.6000 -750.3300 9 619 17.9000 -263.3500 7 669 81.1600 -174.8100 29 457 414.5500 -543.5601 43 363 223.0200 -377.7600 55 1754 293.4200 718.3600 44 352 -903.6800 -296.7200 61 1030 661.1500 481.2600 4 420 -466.3700 750.0000 59 1890 25.4399 96.4000
-1.5211578342e+00 -1.7137538507e+00 -3.0347406491e+00
39 38 47
4 6 243 -803.5600 -744.9900 9 626 -105.3900 -247.1700 7 513 -75.6000 -206.7300 44 329 -1026.6500 -443.8700
-1.2279638549e+00 -1.6992589692e+00 -3.0511614438e+00
29 32 41
11 6 244 -576.4000 -727.5601 9 446 4.2800 -254.6200 7 520 60.5900 -166.5800 29 308 390.7100 -548.0300 43 249 197.7900 -384.4000 12 1608 146.9500 70.3900 55 1266 279.7000 719.5500 44 258 -925.3300 -306.5200 57 1434 56.7700 157.2300 61 752 647.9301 478.0900 4 425 -477.3400 766.6801
-1.2228457504e+00 -1.6678729916e+00 -3.0571526027e+00
163 163 163
11 6 247 -570.9800 -703.5200 9 630 8.4800 -240.7800 7 526 58.6100 -152.0100 29 311 379.4000 -533.3400 43 252 185.0100 -371.1801 12 1613 150.0601 75.4100 55 1272 275.7100 728.6000 44 266 -937.1000 -293.6100 56 1554 256.7800 431.4800 61 753 640.6700 484.3201 4 430 -468.5200 778.4200
-1.1930075452e+00 -1.6628349341e+00 -3.0610360318e+00
35 36 40
13 6 248 -547.0600 -699.6700 9 629 20.6899 -241.0400 7 677 71.2300 -146.5300 29 462 386.9100 -518.7900 43 366 191.8900 -355.4500 12 1611 156.5900 73.6000 55 1763 283.5000 733.1000 44 547 -928.9500 -280.5100 56 1931 264.3400 431.1899 57 1761 69.4600 159.3200 4 427 -453.9400 775.6600 11 1755 897.5900 375.8000 25 652 -75.2100 -64.3200
-1.0739598027e+00 -1.6460253977e+00 -3.0668783741e+00
106 120 124
11 6 254 -458.8400 -682.5000 9 631 65.1400 -239.1300 7 530 124.9399 -126.7900 29 318 419.9600 -463.1000 43 372 225.5601 -296.9500 55 1770 311.4800 749.3500 57 1431 100.3199 148.5100 61 757 661.6100 516.0300 4 423 -399.5400 765.1400 58 1451 -279.6400 251.4600 59 941 39.6700 69.6200
-1.0271377250e+00 -1.6330582169e+00 -3.0727402421e+00
108 126 130
8 6 255 -421.0900 -673.0000 9 827 80.9600 -236.2800 7 531 142.8600 -116.1700 29 475 429.7100 -438.2700 43 375 231.4301 -272.4800 12 2290 187.2100 68.2600 55 1772 322.9000 758.0000 61 1036 666.5500 526.5601
-1.2752298829e+00 -1.6189812635e+00 -3.0684762454e+00
35 35 41
12 6 256 -608.0500 -662.1700 9 834 -9.7200 -220.6400 7 681 28.6500 -135.5300 29 653 341.6801 -534.5000 43 364 144.1899 -375.9100 12 1624 142.8199 87.7700 55 1764 255.2200 734.6899 44 350 -975.9400 -303.9200 57 1773 57.4000 177.9700 61 1032 620.3600 484.8000 11 2057 873.5800 391.7900 25 528 -121.6800 -78.3200
-1.3007720514e+00 -1.4510675921e+00 -3.1118460404e+00
94 108 109
